0,0.486,0.33727,0.51023,0.48076,0.52975,0.52486,0.42021,0.56937,0.44222,0.51343,0.41527,0.41151,0.5132,0.5213,0.54527,0.53863,0.44848,0.4936,0.5131,0.57055,0.38903,0.51584,0.47572,0.58449,0.50026,0.58095,0.58623,0.61826,0.45137,0.51144,0.58713,0.57755,0.44569,0.40477,0.53224,0.43557,0.38356,0.48357,0.45167,0.44549,0.28927,0.52625,0.47092,0.5664,0.47515,0.53,0.58101,0.50508,0.49244,0.56203,0.6101,0.34972,0.44866,0.47542,0.50994,0.48484,0.467,0.28405,0.39632,0.47228,0.5057,0.39643,0.4306,0.53458,0.53138,0.4608,0.43278,0.46301,0.502,0.43863,0.56648,0.54007,0.51342,0.47523,0.51069,0.47287,0.50868,0.42763,0.48037,0.55789,0.47048,0.52861,0.42781,0.66611,0.51866,0.38715,0.52818,0.51464,0.53079
0.486,0,0.59573,0.54226,0.56475,0.44656,0.6192,0.55017,0.51158,0.52343,0.48476,0.42758,0.54719,0.43481,0.43345,0.46369,0.4976,0.56712,0.43359,0.482,0.52197,0.55877,0.35652,0.49773,0.46515,0.47533,0.4448,0.50569,0.49551,0.57108,0.72298,0.69149,0.42428,0.54634,0.51522,0.45997,0.51725,0.48144,0.48748,0.56696,0.56472,0.40446,0.49403,0.5748,0.41252,0.51546,0.51454,0.6279,0.46167,0.56045,0.37307,0.50028,0.45909,0.41415,0.55723,0.47292,0.5506,0.50228,0.52098,0.4609,0.44885,0.48001,0.40906,0.4257,0.46024,0.36663,0.44126,0.43294,0.55042,0.55988,0.53506,0.46078,0.5156,0.31686,0.41371,0.60263,0.43043,0.45957,0.37502,0.60202,0.46519,0.44018,0.49992,0.55464,0.49809,0.56916,0.45931,0.59709,0.45725,0.53735
0.33727,0.59573,0,0.57606,0.51296,0.47006,0.46503,0.57532,0.52356,0.51966,0.5347,0.53464,0.4563,0.45253,0.56092,0.55682,0.42447,0.4375,0.52608,0.61716,0.38504,0.50628,0.59249,0.56884,0.5975,0.64461,0.62321,0.48717,0.48484,0.49676,0.48924,0.486,0.47069,0.52276,0.53164,0.54804,0.5118,0.50553,0.42879,0.5232,0.52902,0.43906,0.4675,0.53165,0.49355,0.51648,0.49289,0.39866,0.47949,0.37746,0.46132,0.40646,0.61805,0.55977,0.58255,0.46742,0.60698,0.56259,0.46992,0.39081,0.52587,0.38044,0.54907,0.55884,0.43555,0.39092,0.54892,0.36009,0.56676,0.47449,0.48404,0.50792,0.5967,0.40939,0.60056,0.54651,0.56694,0.60155,0.44818,0.5182,0.50741,0.5765,0.43984,0.43183,0.44594,0.55643,0.51013,0.48422,0.47664,0.52127
0.51023,0.54226,0.57606,0,0.51857,0.38816,0.50496,0.56169,0.50164,0.6518,0.62749,0.4284,0.42325,0.52047,0.60989,0.538,0.46934,0.45981,0.52245,0.61061,0.41891,0.44758,0.52819,0.53229,0.41905,0.56367,0.54017,0.44964,0.52334,0.48804,0.48611,0.5634,0.57884,0.55085,0.45923,0.60324,0.45965,0.45267,0.56117,0.45459,0.46046,0.44778,0.54026,0.58747,0.36952,0.47944,0.50373,0.51008,0.45215,0.43021,0.55348,0.51264,0.49573,0.50617,0.49564,0.56586,0.52,0.46933,0.57598,0.55575,0.42021,0.50228,0.35004,0.60701,0.46925,0.39369,0.45497,0.40699,0.38213,0.62505,0.4843,0.61857,0.48851,0.40715,0.46064,0.49736,0.55566,0.55051,0.47383,0.54538,0.56767,0.41501,0.50941,0.47919,0.49463,0.41031,0.48025,0.51477,0.46682,0.55841
0.48076,0.56475,0.51296,0.51857,0,0.52125,0.477,0.47347,0.57653,0.54733,0.40689,0.44281,0.48779,0.49593,0.57982,0.52594,0.53046,0.43829,0.55052,0.50264,0.42336,0.37171,0.54052,0.42698,0.44409,0.49441,0.5666,0.56843,0.54492,0.53665,0.56679,0.53112,0.44769,0.42156,0.58108,0.43934,0.58407,0.42656,0.59183,0.58186,0.52526,0.50987,0.42911,0.50484,0.52767,0.478,0.47177,0.51528,0.52375,0.4214,0.51121,0.62213,0.51216,0.53784,0.43775,0.57278,0.53904,0.54037,0.54375,0.47556,0.55072,0.52364,0.41565,0.57368,0.57303,0.37941,0.6125,0.61135,0.48394,0.57216,0.4283,0.52279,0.45017,0.5233,0.37403,0.52512,0.51449,0.46315,0.50388,0.5258,0.4824,0.49284,0.57254,0.45436,0.35613,0.50491,0.55403,0.51127,0.43501,0.46911
0.52975,0.44656,0.47006,0.38816,0.52125,0,0.4006,0.6332,0.47283,0.52084,0.47305,0.54408,0.61228,0.53291,0.48033,0.46935,0.56065,0.51048,0.48293,0.55922,0.44275,0.37982,0.4588,0.49468,0.60349,0.55437,0.46259,0.45597,0.44658,0.56611,0.39762,0.51882,0.40131,0.55001,0.46694,0.6352,0.46461,0.51833,0.47869,0.43884,0.38315,0.44334,0.53982,0.53208,0.43442,0.57509,0.45208,0.56398,0.43882,0.39942,0.66723,0.54168,0.38284,0.43102,0.46907,0.4479,0.5518,0.50552,0.47022,0.55083,0.58235,0.42653,0.50224,0.44833,0.47283,0.54286,0.48754,0.49487,0.50385,0.55726,0.42159,0.49259,0.4496,0.36994,0.54538,0.54313,0.43992,0.58139,0.53924,0.52101,0.40251,0.5552,0.60953,0.57288,0.4895,0.47458,0.46408,0.60025,0.52599,0.6457
0.52486,0.6192,0.46503,0.50496,0.477,0.4006,0,0.40885,0.53671,0.5275,0.54653,0.45472,0.36851,0.56616,0.59301,0.60651,0.5763,0.49867,0.53397,0.58717,0.52411,0.43586,0.48201,0.42273,0.45083,0.49059,0.40423,0.51839,0.48069,0.48148,0.41385,0.44457,0.54743,0.59446,0.52501,0.36494,0.49291,0.4535,0.50784,0.41759,0.49595,0.56231,0.42065,0.54489,0.52822,0.51824,0.51441,0.51473,0.44809,0.46733,0.58254,0.54462,0.61714,0.46367,0.41749,0.50777,0.55882,0.54222,0.5677,0.42621,0.50008,0.60285,0.41449,0.54951,0.51546,0.47519,0.54539,0.5382,0.62341,0.45564,0.50085,0.51076,0.46034,0.48859,0.45829,0.48524,0.4498,0.506,0.5621,0.512,0.45354,0.5731,0.51599,0.45295,0.46379,0.54896,0.41894,0.40069,0.52872,0.57253
0.42021,0.55017,0.57532,0.56169,0.47347,0.6332,0.40885,0,0.48054,0.342,0.42381,0.57151,0.50106,0.41494,0.5783,0.42704,0.48817,0.50138,0.44466,0.55171,0.57923,0.5878,0.47009,0.44462,0.49546,0.5793,0.42943,0.50552,0.41193,0.46166,0.60536,0.51508,0.43826,0.5322,0.41226,0.54821,0.44839,0.41018,0.49629,0.40598,0.52297,0.57644,0.45962,0.37804,0.51526,0.51399,0.50859,0.47669,0.5163,0.37002,0.41133,0.62434,0.59844,0.4462,0.61429,0.40269,0.60043,0.51792,0.4819,0.54138,0.53659,0.47839,0.51879,0.43471,0.49085,0.48419,0.42572,0.50917,0.42146,0.50069,0.37318,0.44433,0.55532,0.45201,0.57933,0.52127,0.64818,0.467,0.48779,0.55081,0.39394,0.48756,0.58625,0.51163,0.50012,0.39397,0.53298,0.53718,0.52312,0.48111
0.56937,0.51158,0.52356,0.50164,0.57653,0.47283,0.53671,0.48054,0,0.51913,0.49038,0.4964,0.46967,0.41572,0.47023,0.44016,0.43195,0.51059,0.45441,0.57893,0.49894,0.49187,0.59197,0.53804,0.58169,0.57078,0.47409,0.34632,0.4681,0.53568,0.60759,0.33224,0.60244,0.49984,0.58239,0.53943,0.45595,0.55068,0.48873,0.45383,0.51704,0.43796,0.46177,0.42925,0.55012,0.58501,0.54965,0.39228,0.47202,0.58958,0.5607,0.44341,0.52688,0.44056,0.48919,0.52145,0.48173,0.49668,0.57983,0.54068,0.54391,0.38567,0.47603,0.4281,0.54318,0.52835,0.45108,0.64104,0.38529,0.49601,0.44371,0.49966,0.48457,0.53166,0.48223,0.44411,0.60695,0.48985,0.4523,0.46808,0.55487,0.44303,0.55583,0.46078,0.44836,0.54773,0.42138,0.5746,0.60232,0.55522
0.44222,0.52343,0.51966,0.6518,0.54733,0.52084,0.5275,0.342,0.51913,0,0.51626,0.63242,0.59025,0.51585,0.42156,0.45548,0.4843,0.52545,0.55241,0.37735,0.49627,0.46975,0.54555,0.42392,0.49341,0.55349,0.45798,0.39256,0.47363,0.49601,0.47827,0.56362,0.53902,0.46408,0.62306,0.53468,0.5095,0.66752,0.43923,0.54839,0.61856,0.53229,0.48704,0.46931,0.51777,0.55613,0.43318,0.48602,0.42156,0.52062,0.5284,0.47657,0.53352,0.42849,0.55426,0.53703,0.48452,0.50404,0.65869,0.48039,0.50002,0.63691,0.42877,0.48094,0.38704,0.58786,0.45529,0.50045,0.49933,0.52812,0.57436,0.46888,0.37879,0.6457,0.45758,0.64484,0.60411,0.4455,0.42897,0.48032,0.50182,0.41,0.53515,0.53869,0.4948,0.52886,0.43732,0.64952,0.5079,0.51213
0.51343,0.48476,0.5347,0.62749,0.40689,0.47305,0.54653,0.42381,0.49038,0.51626,0,0.51383,0.61432,0.44244,0.54277,0.48502,0.35672,0.62786,0.49316,0.58418,0.45928,0.44525,0.46939,0.57061,0.49028,0.44509,0.49959,0.56584,0.48776,0.49633,0.55808,0.41702,0.50502,0.59358,0.55085,0.5815,0.48735,0.38712,0.48803,0.543,0.55268,0.53574,0.44818,0.51808,0.44716,0.46725,0.34488,0.5236,0.42256,0.42102,0.47081,0.53498,0.57459,0.49969,0.52797,0.58736,0.45114,0.47167,0.40683,0.51071,0.35171,0.58221,0.43277,0.42148,0.48416,0.51745,0.4092,0.46714,0.56515,0.49877,0.51333,0.50619,0.52448,0.43104,0.5017,0.50711,0.48679,0.39765,0.51412,0.52225,0.5768,0.50047,0.42419,0.44384,0.45368,0.39869,0.4784,0.41263,0.58398,0.55926
0.41527,0.42758,0.53464,0.4284,0.44281,0.54408,0.45472,0.57151,0.4964,0.63242,0.51383,0,0.51774,0.50041,0.47837,0.36426,0.3912,0.40097,0.50104,0.50317,0.57886,0.62252,0.42694,0.5702,0.50079,0.53257,0.55447,0.43734,0.53176,0.48478,0.48511,0.40508,0.46364,0.50959,0.52853,0.46614,0.42317,0.47349,0.50831,0.37519,0.54971,0.42574,0.56215,0.5801,0.55347,0.56126,0.37638,0.45601,0.52825,0.53936,0.55995,0.51008,0.4207,0.46149,0.58789,0.52274,0.53405,0.58944,0.50812,0.55219,0.55108,0.57177,0.52245,0.50319,0.5089,0.45676,0.5066,0.52667,0.6101,0.57298,0.49269,0.53709,0.3892,0.41259,0.44591,0.46956,0.53185,0.51157,0.44765,0.63389,0.52948,0.50199,0.49755,0.54861,0.44676,0.46519,0.54925,0.60258,0.43136,0.40399
0.41151,0.54719,0.4563,0.42325,0.48779,0.61228,0.36851,0.50106,0.46967,0.59025,0.61432,0.51774,0,0.39143,0.48023,0.534,0.48837,0.57525,0.54892,0.57815,0.5906,0.4057,0.49636,0.39648,0.4746,0.38443,0.47954,0.48348,0.5137,0.57243,0.41975,0.50281,0.599,0.43137,0.38193,0.55234,0.5018,0.44062,0.49634,0.606,0.38514,0.55845,0.47347,0.56201,0.57674,0.55518,0.46232,0.52127,0.56158,0.4966,0.52924,0.44478,0.51475,0.61764,0.54678,0.53164,0.46762,0.59016,0.50594,0.39411,0.56123,0.41575,0.42173,0.57438,0.49436,0.54489,0.41482,0.372,0.53792,0.37776,0.56357,0.49426,0.43373,0.40484,0.52045,0.46839,0.4029,0.4698,0.52822,0.49677,0.49271,0.44772,0.60384,0.53401,0.58032,0.43834,0.55579,0.42312,0.54316,0.55093
0.5132,0.43481,0.45253,0.52047,0.49593,0.53291,0.56616,0.41494,0.41572,0.51585,0.44244,0.50041,0.39143,0,0.35543,0.44421,0.55956,0.43626,0.45049,0.50107,0.47571,0.4764,0.53131,0.52216,0.44272,0.52326,0.59175,0.54958,0.6159,0.39151,0.54524,0.56086,0.53892,0.41751,0.43114,0.43831,0.40305,0.47734,0.51004,0.5326,0.55686,0.48419,0.52867,0.53319,0.51865,0.46414,0.49118,0.49349,0.43345,0.43985,0.49922,0.54838,0.44951,0.51886,0.62307,0.49956,0.5395,0.49013,0.66627,0.45648,0.38902,0.5838,0.52601,0.54942,0.54922,0.48161,0.43173,0.51364,0.38472,0.5861,0.5129,0.40241,0.51084,0.52909,0.57477,0.52199,0.50421,0.47352,0.47702,0.47755,0.53433,0.5508,0.40298,0.4505,0.55106,0.50952,0.49355,0.50995,0.554,0.55304
0.5213,0.43345,0.56092,0.60989,0.57982,0.48033,0.59301,0.5783,0.47023,0.42156,0.54277,0.47837,0.48023,0.35543,0,0.43753,0.45544,0.44252,0.4543,0.43634,0.59314,0.6099,0.53611,0.53095,0.58563,0.50107,0.4822,0.57254,0.4206,0.57436,0.4423,0.52036,0.48608,0.49677,0.48238,0.5315,0.47776,0.51168,0.50035,0.46535,0.50782,0.44722,0.46309,0.62462,0.46768,0.52662,0.55512,0.46848,0.56038,0.45475,0.42766,0.48725,0.54757,0.40533,0.4241,0.54423,0.42613,0.36399,0.51142,0.46245,0.60581,0.40804,0.49752,0.50206,0.54574,0.4929,0.45033,0.58296,0.57971,0.5436,0.52857,0.41637,0.47723,0.56282,0.52805,0.53836,0.49184,0.50656,0.62802,0.5325,0.48052,0.52603,0.54358,0.49291,0.44881,0.56592,0.53875,0.54813,0.56065,0.55584
0.54527,0.46369,0.55682,0.538,0.52594,0.46935,0.60651,0.42704,0.44016,0.45548,0.48502,0.36426,0.534,0.44421,0.43753,0,0.41714,0.51496,0.58263,0.49278,0.56479,0.60943,0.53456,0.52696,0.46838,0.38542,0.55434,0.46618,0.53228,0.44087,0.39564,0.53047,0.48729,0.54798,0.57281,0.62325,0.44051,0.56852,0.50109,0.47365,0.34099,0.48928,0.51811,0.55326,0.36453,0.47036,0.49139,0.54492,0.52376,0.42223,0.55737,0.61721,0.61224,0.50551,0.52801,0.54822,0.50174,0.43875,0.42966,0.39202,0.61495,0.49584,0.51492,0.50285,0.46525,0.58195,0.42968,0.53475,0.46707,0.50766,0.45405,0.43421,0.55692,0.49204,0.38139,0.38211,0.44343,0.45895,0.40318,0.50738,0.50882,0.48957,0.39165,0.5413,0.4495,0.47407,0.56277,0.50363,0.40847,0.45075
0.53863,0.4976,0.42447,0.46934,0.53046,0.56065,0.5763,0.48817,0.43195,0.4843,0.35672,0.3912,0.48837,0.55956,0.45544,0.41714,0,0.56877,0.4743,0.60786,0.49866,0.54963,0.52101,0.41441,0.44752,0.51022,0.53317,0.48057,0.59894,0.50013,0.41594,0.59652,0.4629,0.41325,0.52321,0.45893,0.47349,0.52844,0.43744,0.49192,0.63605,0.44854,0.57698,0.48126,0.45505,0.42041,0.53302,0.45608,0.45523,0.33905,0.52099,0.39492,0.56295,0.47586,0.41669,0.45684,0.42307,0.50289,0.58028,0.54208,0.60392,0.42113,0.46821,0.42844,0.52464,0.52008,0.51388,0.47371,0.53261,0.46794,0.55595,0.60611,0.51096,0.56564,0.56945,0.50999,0.49485,0.53266,0.55662,0.59072,0.5557,0.47649,0.4816,0.47522,0.40148,0.5683,0.46525,0.45635,0.4954,0.52129
0.44848,0.56712,0.4375,0.45981,0.43829,0.51048,0.49867,0.50138,0.51059,0.52545,0.62786,0.40097,0.57525,0.43626,0.44252,0.51496,0.56877,0,0.4155,0.52766,0.53759,0.54609,0.4532,0.39466,0.50596,0.47006,0.42169,0.52095,0.44463,0.46965,0.54188,0.53578,0.52587,0.54567,0.42236,0.54631,0.46731,0.56607,0.46477,0.42173,0.44059,0.55675,0.45232,0.58349,0.48401,0.48463,0.50954,0.44308,0.54548,0.47682,0.52947,0.43837,0.58783,0.56392,0.5112,0.48105,0.49938,0.36866,0.48429,0.61647,0.5999,0.50274,0.54866,0.46904,0.36454,0.57322,0.48055,0.52157,0.5564,0.47948,0.40691,0.5421,0.48576,0.50398,0.54802,0.47609,0.38912,0.4339,0.53584,0.43941,0.44251,0.47017,0.48932,0.60142,0.54403,0.50484,0.55835,0.5361,0.56732,0.43061
0.4936,0.43359,0.52608,0.52245,0.55052,0.48293,0.53397,0.44466,0.45441,0.55241,0.49316,0.50104,0.54892,0.45049,0.4543,0.58263,0.4743,0.4155,0,0.51113,0.50319,0.47173,0.44469,0.45102,0.4961,0.54195,0.49977,0.39971,0.35426,0.58939,0.60846,0.53641,0.45875,0.36226,0.56086,0.50439,0.4052,0.55389,0.54552,0.36847,0.52041,0.55947,0.66478,0.57599,0.49865,0.49722,0.53455,0.52953,0.48804,0.50194,0.54069,0.48972,0.51525,0.62121,0.42913,0.5296,0.59575,0.48506,0.49368,0.49555,0.47149,0.60013,0.60809,0.41426,0.58102,0.48745,0.50175,0.44532,0.53081,0.51551,0.47835,0.5247,0.62681,0.40225,0.52526,0.61751,0.36819,0.46742,0.43358,0.49349,0.46656,0.57429,0.57425,0.46453,0.46722,0.5258,0.56769,0.53954,0.51615,0.55489
0.5131,0.482,0.61716,0.61061,0.50264,0.55922,0.58717,0.55171,0.57893,0.37735,0.58418,0.50317,0.57815,0.50107,0.43634,0.49278,0.60786,0.52766,0.51113,0,0.50236,0.39871,0.56223,0.61403,0.51753,0.55527,0.48711,0.52732,0.62263,0.48861,0.49308,0.56038,0.6085,0.56378,0.42029,0.50607,0.47205,0.3703,0.51791,0.56253,0.61725,0.57701,0.53493,0.4405,0.44817,0.50162,0.44846,0.44999,0.43908,0.47782,0.50854,0.53483,0.4805,0.39032,0.45796,0.52111,0.66598,0.46633,0.48286,0.53498,0.47901,0.47765,0.59234,0.58308,0.52362,0.56663,0.54436,0.44497,0.42419,0.51119,0.44638,0.41558,0.57284,0.58227,0.44906,0.5396,0.43001,0.51081,0.55022,0.49376,0.49775,0.48333,0.49097,0.48701,0.45949,0.42892,0.45116,0.54662,0.42147,0.53055
0.57055,0.52197,0.38504,0.41891,0.42336,0.44275,0.52411,0.57923,0.49894,0.49627,0.45928,0.57886,0.5906,0.47571,0.59314,0.56479,0.49866,0.53759,0.50319,0.50236,0,0.45706,0.51191,0.48976,0.42114,0.5013,0.46557,0.47536,0.56979,0.49125,0.54925,0.46228,0.49657,0.59686,0.55098,0.46762,0.54639,0.47076,0.44707,0.37692,0.57363,0.54736,0.31278,0.58368,0.5248,0.42668,0.50928,0.55159,0.52454,0.58023,0.42218,0.55268,0.58269,0.55932,0.44486,0.60208,0.53273,0.44123,0.49559,0.58055,0.54005,0.45448,0.44512,0.50559,0.58175,0.44244,0.57541,0.62452,0.51944,0.48978,0.50291,0.53852,0.46858,0.47574,0.60728,0.48689,0.43829,0.5365,0.48923,0.54066,0.47099,0.48747,0.48956,0.61693,0.48452,0.54786,0.53242,0.48319,0.58224,0.43294
0.38903,0.55877,0.50628,0.44758,0.37171,0.37982,0.43586,0.5878,0.49187,0.46975,0.44525,0.62252,0.4057,0.4764,0.6099,0.60943,0.54963,0.54609,0.47173,0.39871,0.45706,0,0.38192,0.5042,0.6006,0.53319,0.44011,0.46098,0.60954,0.46208,0.47486,0.62545,0.60585,0.51622,0.52782,0.52937,0.49599,0.60046,0.43208,0.48357,0.51077,0.48459,0.50845,0.45227,0.46748,0.40065,0.48977,0.50895,0.43442,0.50716,0.58083,0.5208,0.468,0.49365,0.43333,0.51523,0.51594,0.38455,0.62032,0.47565,0.4781,0.47766,0.48164,0.48423,0.4665,0.47643,0.29862,0.52258,0.55611,0.4465,0.48805,0.4837,0.46674,0.46004,0.48648,0.53318,0.44909,0.52311,0.54148,0.34398,0.48036,0.46728,0.47956,0.5229,0.56562,0.69136,0.52658,0.54946,0.46019,0.47397
0.51584,0.35652,0.59249,0.52819,0.54052,0.4588,0.48201,0.47009,0.59197,0.54555,0.46939,0.42694,0.49636,0.53131,0.53611,0.53456,0.52101,0.4532,0.44469,0.56223,0.51191,0.38192,0,0.51465,0.49718,0.53307,0.455,0.57773,0.52888,0.54764,0.49647,0.49038,0.4405,0.48502,0.47298,0.49631,0.40931,0.44394,0.48087,0.53832,0.44375,0.50546,0.32049,0.47323,0.47829,0.47075,0.58028,0.50327,0.54187,0.53395,0.4585,0.40973,0.44033,0.44064,0.51169,0.61109,0.49075,0.56778,0.47485,0.50084,0.55795,0.42797,0.41779,0.46436,0.59948,0.5479,0.50752,0.56543,0.49172,0.661,0.52416,0.40343,0.40967,0.5181,0.51617,0.46343,0.48342,0.5233,0.56949,0.58176,0.50713,0.50108,0.51373,0.52604,0.4701,0.42722,0.48046,0.51913,0.52515,0.56261
0.47572,0.49773,0.56884,0.53229,0.42698,0.49468,0.42273,0.44462,0.53804,0.42392,0.57061,0.5702,0.39648,0.52216,0.53095,0.52696,0.41441,0.39466,0.45102,0.61403,0.48976,0.5042,0.51465,0,0.48567,0.48137,0.55087,0.50929,0.58877,0.48815,0.443,0.31322,0.5325,0.50282,0.59209,0.49422,0.48968,0.55454,0.45778,0.47581,0.4828,0.51162,0.41408,0.55622,0.62408,0.48469,0.49224,0.57422,0.49371,0.55251,0.47877,0.36567,0.48579,0.5032,0.56462,0.55588,0.5155,0.58274,0.48384,0.51881,0.45162,0.49078,0.50208,0.58324,0.35389,0.53382,0.52139,0.51845,0.46244,0.5984,0.50882,0.49624,0.44951,0.53366,0.32402,0.45709,0.43858,0.39297,0.57216,0.51072,0.52211,0.5187,0.37734,0.60527,0.45422,0.45176,0.46137,0.51234,0.42887,0.58992
0.58449,0.46515,0.5975,0.41905,0.44409,0.60349,0.45083,0.49546,0.58169,0.49341,0.49028,0.50079,0.4746,0.44272,0.58563,0.46838,0.44752,0.50596,0.4961,0.51753,0.42114,0.6006,0.49718,0.48567,0,0.54082,0.50429,0.59687,0.37467,0.45679,0.50279,0.55204,0.51424,0.60214,0.51675,0.52305,0.44536,0.52798,0.57236,0.60553,0.39507,0.45664,0.4715,0.41061,0.52805,0.46917,0.50592,0.45092,0.3199,0.59794,0.55947,0.6176,0.53524,0.45756,0.56951,0.55368,0.47683,0.55094,0.45247,0.56558,0.47712,0.52094,0.48664,0.56555,0.53046,0.43387,0.46583,0.56673,0.58376,0.50213,0.4442,0.497,0.45935,0.44561,0.40994,0.51788,0.57589,0.5917,0.53587,0.54559,0.64359,0.51472,0.51399,0.51012,0.45408,0.52311,0.52443,0.47396,0.41082,0.47891
0.50026,0.47533,0.64461,0.56367,0.49441,0.55437,0.49059,0.5793,0.57078,0.55349,0.44509,0.53257,0.38443,0.52326,0.50107,0.38542,0.51022,0.47006,0.54195,0.55527,0.5013,0.53319,0.53307,0.48137,0.54082,0,0.45249,0.41387,0.44886,0.46308,0.44899,0.45003,0.50343,0.66276,0.35055,0.41037,0.52987,0.59657,0.51394,0.50699,0.45895,0.52524,0.47434,0.58308,0.51003,0.52318,0.50639,0.51514,0.54435,0.56856,0.41004,0.3985,0.46762,0.50059,0.56255,0.46619,0.39664,0.56319,0.49821,0.54472,0.52475,0.36942,0.46228,0.61303,0.61736,0.48973,0.40405,0.51231,0.52036,0.51071,0.52297,0.46425,0.47693,0.47815,0.50616,0.54771,0.41576,0.44843,0.63026,0.41616,0.52847,0.43154,0.48341,0.49631,0.53767,0.6221,0.61519,0.5064,0.50238,0.5261
0.58095,0.4448,0.62321,0.54017,0.5666,0.46259,0.40423,0.42943,0.47409,0.45798,0.49959,0.55447,0.47954,0.59175,0.4822,0.55434,0.53317,0.42169,0.49977,0.48711,0.46557,0.44011,0.455,0.55087,0.50429,0.45249,0,0.40241,0.41847,0.52169,0.3751,0.51512,0.53456,0.45085,0.50181,0.48429,0.5253,0.47949,0.50557,0.49441,0.34053,0.6156,0.46267,0.51215,0.4495,0.33787,0.39575,0.45813,0.52228,0.50496,0.59969,0.51796,0.47802,0.4496,0.47284,0.43629,0.55279,0.49841,0.59468,0.4729,0.49355,0.42574,0.43194,0.51738,0.41396,0.43831,0.38245,0.6248,0.50638,0.54064,0.48626,0.46912,0.48449,0.57485,0.48346,0.4313,0.45656,0.50211,0.6096,0.45147,0.5138,0.46904,0.37441,0.54565,0.6844,0.42832,0.56977,0.5374,0.57933,0.48362
0.58623,0.50569,0.48717,0.44964,0.56843,0.45597,0.51839,0.50552,0.34632,0.39256,0.56584,0.43734,0.48348,0.54958,0.57254,0.46618,0.48057,0.52095,0.39971,0.52732,0.47536,0.46098,0.57773,0.50929,0.59687,0.41387,0.40241,0,0.50292,0.50265,0.4809,0.53194,0.46894,0.56435,0.51565,0.54373,0.43633,0.38365,0.60048,0.51444,0.61112,0.48203,0.48122,0.46129,0.52008,0.44215,0.53164,0.43588,0.54773,0.46055,0.44683,0.45593,0.50158,0.40302,0.52809,0.4978,0.58779,0.38142,0.50193,0.48863,0.49508,0.53313,0.53222,0.41836,0.4619,0.51947,0.51503,0.40262,0.49795,0.5227,0.44741,0.58889,0.36022,0.42506,0.51577,0.33764,0.45224,0.55153,0.47042,0.52513,0.53246,0.56989,0.51097,0.43301,0.48394,0.50764,0.45088,0.45304,0.5606,0.49494
0.61826,0.49551,0.48484,0.52334,0.54492,0.44658,0.48069,0.41193,0.4681,0.47363,0.48776,0.53176,0.5137,0.6159,0.4206,0.53228,0.59894,0.44463,0.35426,0.62263,0.56979,0.60954,0.52888,0.58877,0.37467,0.44886,0.41847,0.50292,0,0.50791,0.61949,0.45716,0.54811,0.56424,0.42705,0.43289,0.50986,0.40999,0.4568,0.55491,0.47454,0.50899,0.44228,0.46843,0.50186,0.55974,0.54422,0.53683,0.49552,0.58518,0.4833,0.53054,0.39233,0.44421,0.52591,0.47492,0.54937,0.58854,0.56236,0.52038,0.6026,0.49864,0.60265,0.64496,0.45958,0.54787,0.53086,0.53687,0.45065,0.48177,0.52219,0.61423,0.58495,0.50909,0.46425,0.55788,0.44249,0.51708,0.40286,0.59718,0.46842,0.54039,0.48246,0.43662,0.57596,0.47056,0.5157,0.42788,0.45305,0.4541
0.45137,0.57108,0.49676,0.48804,0.53665,0.56611,0.48148,0.46166,0.53568,0.49601,0.49633,0.48478,0.57243,0.39151,0.57436,0.44087,0.50013,0.46965,0.58939,0.48861,0.49125,0.46208,0.54764,0.48815,0.45679,0.46308,0.52169,0.50265,0.50791,0,0.52384,0.48401,0.6055,0.50215,0.64449,0.55266,0.46276,0.54678,0.53544,0.54468,0.49222,0.30376,0.4628,0.50965,0.61324,0.54265,0.45194,0.46248,0.57805,0.49159,0.48842,0.53881,0.43714,0.59397,0.47382,0.485,0.42694,0.48845,0.45944,0.49888,0.45086,0.48105,0.44808,0.48278,0.46383,0.59752,0.54009,0.52871,0.60691,0.49061,0.53416,0.38505,0.53274,0.48283,0.36799,0.49133,0.50656,0.4746,0.52951,0.57543,0.58739,0.54669,0.4828,0.51596,0.5108,0.52372,0.46438,0.37874,0.42914,0.507
0.51144,0.72298,0.48924,0.48611,0.56679,0.39762,0.41385,0.60536,0.60759,0.47827,0.55808,0.48511,0.41975,0.54524,0.4423,0.39564,0.41594,0.54188,0.60846,0.49308,0.54925,0.47486,0.49647,0.443,0.50279,0.44899,0.3751,0.4809,0.61949,0.52384,0,0.58322,0.40853,0.46006,0.51484,0.60178,0.47606,0.50374,0.42153,0.45962,0.44288,0.4581,0.558,0.51245,0.44401,0.52939,0.49285,0.56883,0.57572,0.55994,0.46206,0.50858,0.48489,0.49064,0.4499,0.51736,0.52062,0.47993,0.46262,0.56519,0.48807,0.49752,0.55517,0.49534,0.45561,0.48538,0.56029,0.5091,0.52578,0.53331,0.54718,0.48127,0.46668,0.41948,0.4176,0.42467,0.54088,0.51553,0.52308,0.44758,0.27653,0.54111,0.42804,0.5686,0.43446,0.56934,0.59493,0.48069,0.56758,0.6263
0.58713,0.69149,0.486,0.5634,0.53112,0.51882,0.44457,0.51508,0.33224,0.56362,0.41702,0.40508,0.50281,0.56086,0.52036,0.53047,0.59652,0.53578,0.53641,0.56038,0.46228,0.62545,0.49038,0.31322,0.55204,0.45003,0.51512,0.53194,0.45716,0.48401,0.58322,0,0.45929,0.47886,0.55513,0.46017,0.48058,0.44937,0.48328,0.44265,0.53782,0.46178,0.59801,0.40807,0.50682,0.4871,0.49447,0.40278,0.47575,0.51991,0.48521,0.52352,0.49992,0.47457,0.53476,0.52444,0.48159,0.5407,0.49957,0.40872,0.56992,0.46149,0.45577,0.50138,0.5735,0.55905,0.5857,0.5677,0.48047,0.54367,0.53087,0.51311,0.52534,0.43449,0.53115,0.32646,0.45303,0.52697,0.52229,0.50205,0.52977,0.47036,0.52565,0.35545,0.51162,0.44003,0.54757,0.64968,0.46318,0.56145
0.57755,0.42428,0.47069,0.57884,0.44769,0.40131,0.54743,0.43826,0.60244,0.53902,0.50502,0.46364,0.599,0.53892,0.48608,0.48729,0.4629,0.52587,0.45875,0.6085,0.49657,0.60585,0.4405,0.5325,0.51424,0.50343,0.53456,0.46894,0.54811,0.6055,0.40853,0.45929,0,0.54859,0.47886,0.52776,0.54048,0.52305,0.53474,0.43433,0.46623,0.44402,0.47136,0.40795,0.4906,0.45189,0.43381,0.49537,0.49191,0.46267,0.50917,0.4702,0.55985,0.45813,0.56183,0.52146,0.47972,0.46337,0.49659,0.51929,0.45021,0.47645,0.40773,0.49303,0.432,0.50814,0.62338,0.45491,0.42677,0.37407,0.53378,0.52148,0.517,0.45942,0.5754,0.52347,0.50322,0.5542,0.4408,0.46668,0.4823,0.43025,0.49753,0.6135,0.52955,0.54741,0.5024,0.50328,0.57799,0.51318
0.44569,0.54634,0.52276,0.55085,0.42156,0.55001,0.59446,0.5322,0.49984,0.46408,0.59358,0.50959,0.43137,0.41751,0.49677,0.54798,0.41325,0.54567,0.36226,0.56378,0.59686,0.51622,0.48502,0.50282,0.60214,0.66276,0.45085,0.56435,0.56424,0.50215,0.46006,0.47886,0.54859,0,0.56047,0.51698,0.37637,0.37578,0.5547,0.47274,0.51717,0.46574,0.54213,0.49002,0.54493,0.61341,0.53797,0.47312,0.57693,0.48522,0.43234,0.49834,0.47759,0.51762,0.44705,0.49802,0.4114,0.38372,0.40974,0.68699,0.50726,0.50374,0.60624,0.46748,0.49,0.45262,0.50811,0.52754,0.46693,0.43108,0.39208,0.51359,0.50482,0.47592,0.45841,0.55737,0.48268,0.4952,0.55504,0.48358,0.42103,0.47424,0.52725,0.48991,0.61238,0.44445,0.45366,0.41393,0.52518,0.53278
0.40477,0.51522,0.53164,0.45923,0.58108,0.46694,0.52501,0.41226,0.58239,0.62306,0.55085,0.52853,0.38193,0.43114,0.48238,0.57281,0.52321,0.42236,0.56086,0.42029,0.55098,0.52782,0.47298,0.59209,0.51675,0.35055,0.50181,0.51565,0.42705,0.64449,0.51484,0.55513,0.47886,0.56047,0,0.50551,0.49406,0.49163,0.46364,0.54535,0.48777,0.50987,0.42356,0.4929,0.53154,0.51368,0.50583,0.62641,0.55984,0.50199,0.50211,0.53132,0.51383,0.58122,0.4505,0.4465,0.37156,0.49121,0.45352,0.50313,0.4363,0.56484,0.64696,0.52234,0.63483,0.45804,0.55039,0.48198,0.43879,0.51928,0.5876,0.42364,0.38261,0.55001,0.50576,0.54312,0.52756,0.55939,0.451,0.38908,0.54305,0.52829,0.423,0.4439,0.35994,0.44384,0.56541,0.53498,0.44865,0.52677
0.53224,0.45997,0.54804,0.60324,0.43934,0.6352,0.36494,0.54821,0.53943,0.53468,0.5815,0.46614,0.55234,0.43831,0.5315,0.62325,0.45893,0.54631,0.50439,0.50607,0.46762,0.52937,0.49631,0.49422,0.52305,0.41037,0.48429,0.54373,0.43289,0.55266,0.60178,0.46017,0.52776,0.51698,0.50551,0,0.52679,0.49826,0.4602,0.44795,0.43081,0.54583,0.41332,0.527,0.48932,0.45388,0.56565,0.60399,0.54367,0.61235,0.53488,0.53332,0.44151,0.50481,0.47538,0.57876,0.54565,0.4165,0.41231,0.41723,0.4044,0.38912,0.54169,0.446,0.53441,0.56515,0.56028,0.53828,0.62712,0.51471,0.59108,0.44068,0.41511,0.43118,0.46844,0.49868,0.47466,0.45186,0.50196,0.45847,0.55928,0.47594,0.53248,0.49071,0.48902,0.4908,0.46636,0.57875,0.5116,0.44395
0.43557,0.51725,0.5118,0.45965,0.58407,0.46461,0.49291,0.44839,0.45595,0.5095,0.48735,0.42317,0.5018,0.40305,0.47776,0.44051,0.47349,0.46731,0.4052,0.47205,0.54639,0.49599,0.40931,0.48968,0.44536,0.52987,0.5253,0.43633,0.50986,0.46276,0.47606,0.48058,0.54048,0.37637,0.49406,0.52679,0,0.57002,0.45192,0.37779,0.52924,0.53539,0.40421,0.42716,0.48173,0.53229,0.46908,0.44785,0.45204,0.61444,0.46775,0.48407,0.46016,0.3934,0.44371,0.44409,0.48834,0.45089,0.544,0.39015,0.56702,0.45241,0.53888,0.4163,0.52444,0.45833,0.48216,0.71561,0.58658,0.42763,0.42883,0.5818,0.44141,0.50819,0.4438,0.49861,0.53861,0.47202,0.54191,0.57386,0.58251,0.3469,0.4761,0.49277,0.56429,0.52691,0.54519,0.54325,0.50621,0.5308
0.38356,0.48144,0.50553,0.45267,0.42656,0.51833,0.4535,0.41018,0.55068,0.66752,0.38712,0.47349,0.44062,0.47734,0.51168,0.56852,0.52844,0.56607,0.55389,0.3703,0.47076,0.60046,0.44394,0.55454,0.52798,0.59657,0.47949,0.38365,0.40999,0.54678,0.50374,0.44937,0.52305,0.37578,0.49163,0.49826,0.57002,0,0.51858,0.50927,0.53317,0.56277,0.64194,0.48457,0.46452,0.53988,0.46953,0.40065,0.58169,0.54163,0.51,0.50577,0.48453,0.54481,0.5447,0.57029,0.52952,0.5826,0.38901,0.53489,0.52114,0.53869,0.58104,0.48387,0.48911,0.56494,0.42911,0.48557,0.5879,0.55273,0.47903,0.58765,0.48917,0.55402,0.48775,0.54004,0.46343,0.55687,0.57714,0.5429,0.54717,0.45367,0.51586,0.58701,0.45787,0.60885,0.4839,0.53117,0.46811,0.55655
0.48357,0.48748,0.42879,0.56117,0.59183,0.47869,0.50784,0.49629,0.48873,0.43923,0.48803,0.50831,0.49634,0.51004,0.50035,0.50109,0.43744,0.46477,0.54552,0.51791,0.44707,0.43208,0.48087,0.45778,0.57236,0.51394,0.50557,0.60048,0.4568,0.53544,0.42153,0.48328,0.53474,0.5547,0.46364,0.4602,0.45192,0.51858,0,0.62865,0.58558,0.48225,0.59131,0.54179,0.50577,0.37289,0.50204,0.41454,0.58787,0.52268,0.52929,0.5452,0.46813,0.5328,0.51665,0.52473,0.54171,0.53413,0.47232,0.41081,0.50475,0.53251,0.42265,0.6363,0.56365,0.63477,0.63987,0.52597,0.46219,0.56054,0.57744,0.49882,0.51547,0.42353,0.60552,0.53258,0.50044,0.4451,0.46088,0.52825,0.52674,0.61145,0.52897,0.51554,0.4657,0.5829,0.44103,0.49335,0.45725,0.51728
0.45167,0.56696,0.5232,0.45459,0.58186,0.43884,0.41759,0.40598,0.45383,0.54839,0.543,0.37519,0.606,0.5326,0.46535,0.47365,0.49192,0.42173,0.36847,0.56253,0.37692,0.48357,0.53832,0.47581,0.60553,0.50699,0.49441,0.51444,0.55491,0.54468,0.45962,0.44265,0.43433,0.47274,0.54535,0.44795,0.37779,0.50927,0.62865,0,0.50877,0.48351,0.5826,0.51958,0.54448,0.45725,0.55281,0.44656,0.44681,0.43363,0.46385,0.50859,0.60865,0.4896,0.47808,0.58033,0.53811,0.45976,0.48724,0.41974,0.3342,0.48804,0.47477,0.52063,0.41328,0.55703,0.45923,0.45711,0.50634,0.6289,0.45299,0.59129,0.48684,0.56005,0.53056,0.46529,0.61404,0.40557,0.486,0.43279,0.64449,0.5329,0.3913,0.51824,0.49793,0.42706,0.51994,0.4898,0.52867,0.58142
0.44549,0.56472,0.52902,0.46046,0.52526,0.38315,0.49595,0.52297,0.51704,0.61856,0.55268,0.54971,0.38514,0.55686,0.50782,0.34099,0.63605,0.44059,0.52041,0.61725,0.57363,0.51077,0.44375,0.4828,0.39507,0.45895,0.34053,0.61112,0.47454,0.49222,0.44288,0.53782,0.46623,0.51717,0.48777,0.43081,0.52924,0.53317,0.58558,0.50877,0,0.43492,0.46103,0.39273,0.58653,0.41152,0.48532,0.57399,0.53009,0.55384,0.50175,0.4449,0.48187,0.60431,0.46977,0.44488,0.42951,0.5939,0.43459,0.48691,0.553,0.5069,0.54945,0.50527,0.5199,0.54969,0.45418,0.39719,0.42441,0.52854,0.58482,0.38621,0.43153,0.51468,0.43816,0.52344,0.42694,0.51004,0.58134,0.43306,0.55602,0.6149,0.43471,0.5206,0.49064,0.4847,0.48389,0.51219,0.59326,0.47803
0.28927,0.40446,0.43906,0.44778,0.50987,0.44334,0.56231,0.57644,0.43796,0.53229,0.53574,0.42574,0.55845,0.48419,0.44722,0.48928,0.44854,0.55675,0.55947,0.57701,0.54736,0.48459,0.50546,0.51162,0.45664,0.52524,0.6156,0.48203,0.50899,0.30376,0.4581,0.46178,0.44402,0.46574,0.50987,0.54583,0.53539,0.56277,0.48225,0.48351,0.43492,0,0.54037,0.5284,0.60551,0.59725,0.54633,0.57978,0.64081,0.43604,0.53455,0.42416,0.61426,0.48991,0.5341,0.46513,0.45789,0.59648,0.35156,0.46186,0.40377,0.55907,0.53103,0.39891,0.54761,0.46918,0.5629,0.5386,0.59659,0.57033,0.56506,0.55094,0.54424,0.38006,0.56327,0.41815,0.45982,0.5818,0.57408,0.5847,0.48104,0.49395,0.51155,0.45118,0.39498,0.54613,0.51291,0.38852,0.41782,0.36954
0.52625,0.49403,0.4675,0.54026,0.42911,0.53982,0.42065,0.45962,0.46177,0.48704,0.44818,0.56215,0.47347,0.52867,0.46309,0.51811,0.57698,0.45232,0.66478,0.53493,0.31278,0.50845,0.32049,0.41408,0.4715,0.47434,0.46267,0.48122,0.44228,0.4628,0.558,0.59801,0.47136,0.54213,0.42356,0.41332,0.40421,0.64194,0.59131,0.5826,0.46103,0.54037,0,0.55499,0.50755,0.45251,0.44833,0.49353,0.4374,0.497,0.46968,0.56464,0.51081,0.38241,0.53795,0.39806,0.54544,0.53756,0.47442,0.43765,0.52188,0.49301,0.37984,0.53042,0.38246,0.49728,0.60034,0.40203,0.51215,0.57284,0.59789,0.5048,0.64773,0.46223,0.56819,0.44426,0.47374,0.52775,0.4442,0.4259,0.56571,0.56994,0.52654,0.55056,0.58218,0.50211,0.52259,0.40042,0.4829,0.49847
0.47092,0.5748,0.53165,0.58747,0.50484,0.53208,0.54489,0.37804,0.42925,0.46931,0.51808,0.5801,0.56201,0.53319,0.62462,0.55326,0.48126,0.58349,0.57599,0.4405,0.58368,0.45227,0.47323,0.55622,0.41061,0.58308,0.51215,0.46129,0.46843,0.50965,0.51245,0.40807,0.40795,0.49002,0.4929,0.527,0.42716,0.48457,0.54179,0.51958,0.39273,0.5284,0.55499,0,0.3904,0.46028,0.51059,0.50314,0.53062,0.56856,0.48502,0.50422,0.43199,0.42144,0.5477,0.5179,0.59777,0.47027,0.4364,0.46766,0.47683,0.48058,0.61479,0.59553,0.51653,0.43922,0.46374,0.45645,0.4788,0.47587,0.43109,0.49709,0.42362,0.51267,0.41172,0.50748,0.52735,0.49448,0.44012,0.49639,0.52186,0.54603,0.39104,0.52281,0.47052,0.45108,0.56724,0.47798,0.42682,0.52048
0.5664,0.41252,0.49355,0.36952,0.52767,0.43442,0.52822,0.51526,0.55012,0.51777,0.44716,0.55347,0.57674,0.51865,0.46768,0.36453,0.45505,0.48401,0.49865,0.44817,0.5248,0.46748,0.47829,0.62408,0.52805,0.51003,0.4495,0.52008,0.50186,0.61324,0.44401,0.50682,0.4906,0.54493,0.53154,0.48932,0.48173,0.46452,0.50577,0.54448,0.58653,0.60551,0.50755,0.3904,0,0.42497,0.41145,0.34519,0.45764,0.42778,0.48137,0.4878,0.57784,0.43915,0.51603,0.49567,0.56241,0.49315,0.50997,0.52289,0.55698,0.55377,0.54535,0.3252,0.5141,0.50487,0.55812,0.43586,0.56354,0.39416,0.55878,0.44433,0.53199,0.50927,0.37464,0.59442,0.38353,0.52277,0.58967,0.49119,0.59074,0.49919,0.53567,0.51745,0.5558,0.43234,0.478,0.46328,0.47133,0.53118
0.47515,0.51546,0.51648,0.47944,0.478,0.57509,0.51824,0.51399,0.58501,0.55613,0.46725,0.56126,0.55518,0.46414,0.52662,0.47036,0.42041,0.48463,0.49722,0.50162,0.42668,0.40065,0.47075,0.48469,0.46917,0.52318,0.33787,0.44215,0.55974,0.54265,0.52939,0.4871,0.45189,0.61341,0.51368,0.45388,0.53229,0.53988,0.37289,0.45725,0.41152,0.59725,0.45251,0.46028,0.42497,0,0.45923,0.5255,0.52765,0.53622,0.46117,0.59307,0.42808,0.42842,0.45043,0.35128,0.48568,0.57905,0.47032,0.51301,0.46443,0.43398,0.46346,0.56801,0.54298,0.44908,0.70051,0.48271,0.52963,0.50804,0.59999,0.51125,0.4681,0.529,0.43422,0.5349,0.56761,0.41279,0.52411,0.57626,0.46754,0.50218,0.53423,0.50956,0.66242,0.45813,0.58733,0.39,0.4924,0.59224
0.53,0.51454,0.49289,0.50373,0.47177,0.45208,0.51441,0.50859,0.54965,0.43318,0.34488,0.37638,0.46232,0.49118,0.55512,0.49139,0.53302,0.50954,0.53455,0.44846,0.50928,0.48977,0.58028,0.49224,0.50592,0.50639,0.39575,0.53164,0.54422,0.45194,0.49285,0.49447,0.43381,0.53797,0.50583,0.56565,0.46908,0.46953,0.50204,0.55281,0.48532,0.54633,0.44833,0.51059,0.41145,0.45923,0,0.60743,0.38347,0.50786,0.52234,0.51485,0.53711,0.53935,0.52887,0.472,0.46386,0.47994,0.52744,0.37233,0.45627,0.53875,0.49602,0.44359,0.43612,0.61243,0.41884,0.4378,0.45891,0.58434,0.42931,0.50106,0.39078,0.59948,0.49772,0.54632,0.55064,0.5802,0.52553,0.49066,0.56433,0.53962,0.55927,0.44819,0.5229,0.46652,0.47504,0.5502,0.50022,0.43926
0.58101,0.6279,0.39866,0.51008,0.51528,0.56398,0.51473,0.47669,0.39228,0.48602,0.5236,0.45601,0.52127,0.49349,0.46848,0.54492,0.45608,0.44308,0.52953,0.44999,0.55159,0.50895,0.50327,0.57422,0.45092,0.51514,0.45813,0.43588,0.53683,0.46248,0.56883,0.40278,0.49537,0.47312,0.62641,0.60399,0.44785,0.40065,0.41454,0.44656,0.57399,0.57978,0.49353,0.50314,0.34519,0.5255,0.60743,0,0.51212,0.61909,0.52364,0.45656,0.51912,0.37697,0.36586,0.53913,0.51061,0.46481,0.53466,0.52425,0.46957,0.52124,0.50841,0.51914,0.45832,0.44657,0.51329,0.39862,0.5528,0.43698,0.46496,0.5004,0.50353,0.40527,0.50093,0.5778,0.44885,0.479,0.42475,0.54773,0.49809,0.36292,0.62264,0.57845,0.62219,0.42102,0.5334,0.43901,0.51848,0.64678
0.50508,0.46167,0.47949,0.45215,0.52375,0.43882,0.44809,0.5163,0.47202,0.42156,0.42256,0.52825,0.56158,0.43345,0.56038,0.52376,0.45523,0.54548,0.48804,0.43908,0.52454,0.43442,0.54187,0.49371,0.3199,0.54435,0.52228,0.54773,0.49552,0.57805,0.57572,0.47575,0.49191,0.57693,0.55984,0.54367,0.45204,0.58169,0.58787,0.44681,0.53009,0.64081,0.4374,0.53062,0.45764,0.52765,0.38347,0.51212,0,0.49577,0.56128,0.41248,0.49869,0.521,0.52529,0.54812,0.66608,0.501,0.59134,0.5078,0.51242,0.40969,0.57634,0.56308,0.56679,0.35976,0.52586,0.41024,0.61496,0.4964,0.3989,0.58079,0.60326,0.57395,0.4473,0.57902,0.55677,0.39393,0.45667,0.53625,0.53822,0.49622,0.57441,0.47114,0.36807,0.47044,0.49516,0.50609,0.4833,0.49032
0.49244,0.56045,0.37746,0.43021,0.4214,0.39942,0.46733,0.37002,0.58958,0.52062,0.42102,0.53936,0.4966,0.43985,0.45475,0.42223,0.33905,0.47682,0.50194,0.47782,0.58023,0.50716,0.53395,0.55251,0.59794,0.56856,0.50496,0.46055,0.58518,0.49159,0.55994,0.51991,0.46267,0.48522,0.50199,0.61235,0.61444,0.54163,0.52268,0.43363,0.55384,0.43604,0.497,0.56856,0.42778,0.53622,0.50786,0.61909,0.49577,0,0.49524,0.61967,0.39327,0.51369,0.50586,0.44426,0.5311,0.58221,0.37628,0.43348,0.6199,0.60774,0.5287,0.48049,0.5033,0.49513,0.45855,0.45105,0.56577,0.64487,0.5669,0.61625,0.45596,0.57053,0.5054,0.51568,0.45496,0.4834,0.53588,0.58236,0.50413,0.44551,0.50137,0.58319,0.53155,0.48064,0.55713,0.43693,0.56416,0.5297
0.56203,0.37307,0.46132,0.55348,0.51121,0.66723,0.58254,0.41133,0.5607,0.5284,0.47081,0.55995,0.52924,0.49922,0.42766,0.55737,0.52099,0.52947,0.54069,0.50854,0.42218,0.58083,0.4585,0.47877,0.55947,0.41004,0.59969,0.44683,0.4833,0.48842,0.46206,0.48521,0.50917,0.43234,0.50211,0.53488,0.46775,0.51,0.52929,0.46385,0.50175,0.53455,0.46968,0.48502,0.48137,0.46117,0.52234,0.52364,0.56128,0.49524,0,0.47247,0.44776,0.55734,0.49163,0.52037,0.48668,0.50364,0.66667,0.44349,0.5304,0.523,0.50771,0.40606,0.62439,0.38357,0.5469,0.4905,0.53178,0.51033,0.53443,0.5296,0.59685,0.55366,0.4911,0.42186,0.54635,0.47525,0.49161,0.47672,0.513,0.47723,0.60395,0.48324,0.56861,0.51267,0.38817,0.47828,0.41925,0.53624
0.6101,0.50028,0.40646,0.51264,0.62213,0.54168,0.54462,0.62434,0.44341,0.47657,0.53498,0.51008,0.44478,0.54838,0.48725,0.61721,0.39492,0.43837,0.48972,0.53483,0.55268,0.5208,0.40973,0.36567,0.6176,0.3985,0.51796,0.45593,0.53054,0.53881,0.50858,0.52352,0.4702,0.49834,0.53132,0.53332,0.48407,0.50577,0.5452,0.50859,0.4449,0.42416,0.56464,0.50422,0.4878,0.59307,0.51485,0.45656,0.41248,0.61967,0.47247,0,0.42681,0.53868,0.39945,0.57352,0.59139,0.45778,0.42691,0.40142,0.48657,0.59272,0.50518,0.57387,0.45442,0.41834,0.60188,0.48542,0.55737,0.47708,0.46071,0.50599,0.52971,0.50218,0.61176,0.52458,0.48534,0.50189,0.49,0.5205,0.47989,0.56288,0.53785,0.46044,0.38709,0.43997,0.46922,0.60781,0.43527,0.50186
0.34972,0.45909,0.61805,0.49573,0.51216,0.38284,0.61714,0.59844,0.52688,0.53352,0.57459,0.4207,0.51475,0.44951,0.54757,0.61224,0.56295,0.58783,0.51525,0.4805,0.58269,0.468,0.44033,0.48579,0.53524,0.46762,0.47802,0.50158,0.39233,0.43714,0.48489,0.49992,0.55985,0.47759,0.51383,0.44151,0.46016,0.48453,0.46813,0.60865,0.48187,0.61426,0.51081,0.43199,0.57784,0.42808,0.53711,0.51912,0.49869,0.39327,0.44776,0.42681,0,0.50218,0.64042,0.39853,0.32721,0.40003,0.57257,0.52298,0.49637,0.45863,0.44443,0.59294,0.46469,0.59257,0.52111,0.50342,0.49001,0.57209,0.48593,0.51169,0.56027,0.51959,0.55087,0.55639,0.60111,0.44797,0.50749,0.47212,0.53655,0.55625,0.3329,0.46106,0.4816,0.50801,0.43264,0.45847,0.65234,0.60712
0.44866,0.41415,0.55977,0.50617,0.53784,0.43102,0.46367,0.4462,0.44056,0.42849,0.49969,0.46149,0.61764,0.51886,0.40533,0.50551,0.47586,0.56392,0.62121,0.39032,0.55932,0.49365,0.44064,0.5032,0.45756,0.50059,0.4496,0.40302,0.44421,0.59397,0.49064,0.47457,0.45813,0.51762,0.58122,0.50481,0.3934,0.54481,0.5328,0.4896,0.60431,0.48991,0.38241,0.42144,0.43915,0.42842,0.53935,0.37697,0.521,0.51369,0.55734,0.53868,0.50218,0,0.45234,0.46184,0.48021,0.544,0.50076,0.5734,0.49741,0.51325,0.46967,0.52789,0.5738,0.5665,0.45978,0.50303,0.49111,0.52495,0.55595,0.53078,0.54647,0.46784,0.53037,0.59993,0.49586,0.46899,0.48703,0.47722,0.6445,0.4743,0.53111,0.47438,0.464,0.56832,0.45856,0.50296,0.47781,0.39728
0.47542,0.55723,0.58255,0.49564,0.43775,0.46907,0.41749,0.61429,0.48919,0.55426,0.52797,0.58789,0.54678,0.62307,0.4241,0.52801,0.41669,0.5112,0.42913,0.45796,0.44486,0.43333,0.51169,0.56462,0.56951,0.56255,0.47284,0.52809,0.52591,0.47382,0.4499,0.53476,0.56183,0.44705,0.4505,0.47538,0.44371,0.5447,0.51665,0.47808,0.46977,0.5341,0.53795,0.5477,0.51603,0.45043,0.52887,0.36586,0.52529,0.50586,0.49163,0.39945,0.64042,0.45234,0,0.51995,0.45554,0.5364,0.47919,0.50215,0.44628,0.53948,0.62641,0.59278,0.54916,0.6364,0.56086,0.60036,0.53541,0.5895,0.45819,0.37855,0.63596,0.3878,0.60291,0.46299,0.45215,0.58971,0.48294,0.56685,0.54357,0.42469,0.46185,0.45864,0.58073,0.43153,0.5195,0.64445,0.47188,0.46508
0.50994,0.47292,0.46742,0.56586,0.57278,0.4479,0.50777,0.40269,0.52145,0.53703,0.58736,0.52274,0.53164,0.49956,0.54423,0.54822,0.45684,0.48105,0.5296,0.52111,0.60208,0.51523,0.61109,0.55588,0.55368,0.46619,0.43629,0.4978,0.47492,0.485,0.51736,0.52444,0.52146,0.49802,0.4465,0.57876,0.44409,0.57029,0.52473,0.58033,0.44488,0.46513,0.39806,0.5179,0.49567,0.35128,0.472,0.53913,0.54812,0.44426,0.52037,0.57352,0.39853,0.46184,0.51995,0,0.50659,0.54139,0.44291,0.4501,0.52676,0.44082,0.58386,0.47658,0.53075,0.45702,0.48331,0.575,0.60928,0.55519,0.4648,0.46835,0.48463,0.53923,0.47877,0.46211,0.44885,0.42149,0.44421,0.61441,0.61309,0.47542,0.53941,0.43525,0.5851,0.58734,0.44932,0.48735,0.44497,0.46915
