,Region_1,Region_2,Region_3,Region_4,Region_5,Region_6,Region_7,Region_8,Region_9,Region_10,Region_11,Region_12,Region_13,Region_14,Region_15,Region_16,Region_17,Region_18,Region_19,Region_20,Region_21,Region_22,Region_23,Region_24,Region_25,Region_26,Region_27,Region_28,Region_29,Region_30,Region_31,Region_32,Region_33,Region_34,Region_35,Region_36,Region_37,Region_38,Region_39,Region_40,Region_41,Region_42,Region_43,Region_44,Region_45,Region_46,Region_47,Region_48,Region_49,Region_50,Region_51,Region_52,Region_53,Region_54,Region_55,Region_56,Region_57,Region_58,Region_59,Region_60,Region_61,Region_62,Region_63,Region_64,Region_65,Region_66,Region_67,Region_68,Region_69,Region_70,Region_71,Region_72,Region_73,Region_74,Region_75,Region_76,Region_77,Region_78,Region_79,Region_80,Region_81,Region_82,Region_83,Region_84,Region_85,Region_86,Region_87,Region_88,Region_89,Region_90
Region_1,0.0,0.6551580011423042,0.6263744868743788,0.30252132665594494,0.12326635124103352,0.3482458981544,0.379066144239873,0.4950303958626795,0.576668565308649,0.4457793793074135,0.6269354697818252,0.3233926128153535,0.5371083685761353,0.5289778265226721,0.8804032604979948,0.206154179960711,0.19219517003811248,0.39352149924921326,0.460588827155681,0.6734946025020729,0.8057241746109426,0.06978465539001993,0.37833074681426315,0.507081378586378,0.6028352167351436,0.44308566225486495,0.4312360603973439,0.38538549468568,0.5749181684604263,0.14461309110557713,0.85575317668478,0.5323655649014574,0.5181296230965452,0.8464889004207153,0.24394888502484013,0.48262715638174514,0.4621125427205193,0.15767523858951293,0.4353343428243448,0.47599968758810135,0.20953479909953004,0.4001375181025038,0.2978599431234792,0.25505839853397044,0.6726351203886671,0.45875986964600357,0.11579451767119397,0.726994041760779,0.6521525157657287,0.9610320318504257,0.34219423357292333,0.6516596773174361,0.13515119922461521,0.15271062297474486,0.6016665868566509,0.7433206771871987,0.04138868657895367,0.24926762761639615,0.2195584096568392,0.08770515045174732,0.2289533902602201,0.6910212824319142,0.15858777195802687,0.5748950602508993,0.4321940886629556,0.20895105352693327,0.29875184538626726,0.5792477695717912,0.41419239919608886,0.5056972436934584,0.3845637952913483,0.6040922675287764,0.38170623681770205,0.7096525963074375,0.38724209332870335,0.4733524644403532,0.9226096665388311,0.7754077176341985,0.4962388320009222,0.46491106462245935,0.4437343166191826,0.38724374912027454,0.5848934925476963,0.5179559275617334,0.8229343694969821,0.7547046861328967,0.36430528171084897,0.6735181847738076,0.17712843922389754,0.772639895564273
Region_2,0.6551580011423042,0.0,0.7325465669643643,0.5460524906866386,0.4560632185581149,0.7623617188025595,0.5701425625219647,0.5606489205442335,0.5108776967336195,0.7518913112549965,0.1445656980039675,0.20755918804179085,0.6285779765117459,0.5874971387420134,0.6404996106730554,0.6067496942081159,0.7278249562457597,0.8210991039973476,0.33938677438447973,0.4262705570607939,0.5698157169745026,0.5870703402195991,0.6672456572211345,0.9262913280653304,0.16985197338152325,0.3323065326317581,0.2827074311818102,0.4530819373229038,0.7359987094708217,0.6035161356305678,0.9403893109400934,0.8884375935421918,0.3641056756241625,0.7820665419262075,0.7658451940575828,0.641560514794587,0.3427430106618932,0.6206092727315478,0.6533319327390031,0.8175044833968919,0.5824258182523395,0.45991723618345465,0.7555343999053863,0.2352478559995987,0.38131902522751393,0.5651554573934974,0.6766078574498181,0.8181330957079809,0.2312853655331894,0.6244782190824845,0.5176474446178427,0.4195716205500118,0.5481791240680631,0.3692088140545567,0.5285247794421704,0.6388771075707823,0.8278804965470812,0.714035065984433,0.3692270077435202,0.23515073303633194,0.13705374122858638,0.6411280850401051,0.6829917638814478,0.2720095877382218,0.6097202122263622,0.530252823415479,0.6615365665458983,0.04960773506359151,0.5115858712407482,0.3564292310985227,0.41582133978090335,0.09695242603090565,0.6950563465043735,0.34652771608859834,0.20873911525429917,0.6173477686332351,0.5249058930096766,0.18355488363016942,0.23232265900583499,0.6099788416542342,0.5565074240149472,0.4337831344424541,0.38309865904785834,0.3596317890215936,0.5607586044536041,0.5799022525730384,0.5889770111686718,0.31011805475617815,0.4189735712121188,0.40839669972386344
Region_3,0.6263744868743788,0.7325465669643643,0.0,0.5458535860328337,0.5584540334897761,0.3488426458327762,0.6817094575125884,0.5388993792042156,0.8367083196743996,0.46256338718929446,0.45437967844544175,0.8664794507541749,0.5851406273076747,0.2739608248302188,0.5029877179846954,0.7824805778851879,0.1405731211961892,0.28986051131122215,0.49957360163066,0.40851159104163043,0.4314350526757278,0.45737614967196766,0.47981437059681326,0.34804032274064695,0.4105810169198746,0.8695561768847216,0.7710660653682945,0.2977957250459416,0.6517019434618102,0.380110715470257,0.6059918853853481,0.6532520463379831,0.3959858000630124,0.6068458152548682,0.7637937957900358,0.24314837524385313,0.12210774506983013,0.6878805814175003,0.6837597531111188,0.6919119323640129,0.5830821384168121,0.22536849887132726,0.7618966321600132,0.40442174853190066,0.15136799409899926,0.23517811670225602,0.6535201415051217,0.44548984791655,0.4344310772817478,0.10638613965855975,0.5161444847212742,0.29168498592411096,0.6341904978527309,0.7495913341698452,0.5788832539716446,0.4106301548179403,0.7468517476967838,0.7601613484911061,0.3601041299816274,0.40726503213578774,0.6418043581551599,0.2211640575527774,0.8206833231437236,0.5493357218935553,0.10643517427104804,0.27549712183650704,0.45304814414420386,0.2916824313419676,0.6178569161108298,0.48135684873877704,0.17203193219548052,0.3179915641432553,0.6641498431512336,0.753063589282165,0.9346111754680486,0.839808958473745,0.5012069953096487,0.3085930262776578,0.7481778404460752,0.41950556938869904,0.5813598810599283,0.39403020223764673,0.2197917710515594,0.696580021264469,0.7174881757462863,0.5385635932195725,0.24335104537619712,0.8340271890065247,0.6058862885905494,0.2880059118371834
Region_4,0.30252132665594494,0.5460524906866386,0.5458535860328337,0.0,0.6938432245078467,0.30090263242255194,0.5508851178684959,0.9795496024325949,0.5894520661845313,0.8093240794114294,0.6093654364805362,0.14676392563564233,0.6460051272503436,0.43547277466416384,0.7370893284848464,0.6282618172324574,0.3593548287086923,0.7526729425059067,0.635894492350962,0.657502955931424,0.6798318159270513,0.2141466376414558,0.39061837692700035,0.3835586705509674,0.12795409508465178,0.4347758234217744,0.737902816819813,0.44637710167668804,0.5406474105939152,0.2897163045854273,0.37945162243678443,0.42433586089431613,0.938335908766605,0.3334545796510938,0.6962963346845944,0.5914004905744117,0.7824469891705245,0.22708104154427522,0.44578205185317576,0.7122047908208295,0.24067541773174533,0.5617998081362602,0.20756390919955137,0.745542954371526,0.3219071690872421,0.35971185373972897,0.7564271073908302,0.5480397407285467,0.41456220197985366,0.20896410932677512,0.6782417011849138,0.46744725189121045,0.3728643086679685,0.23109843939504587,0.6217315117767285,0.5009982278629732,0.2596695551975423,0.6603008566474693,0.7478796925076401,0.13571789610936325,0.2893334384410796,0.6350169290669073,0.35168386340693625,0.401957871525462,0.6933468797175408,0.33519296264878345,0.5003523548121636,0.0991739851926779,0.27492850370321964,0.45203620993040533,0.17514542708520825,0.6251110229220913,0.559168728545073,0.3357823259322146,0.5684008509281948,0.5680918996431811,0.5952350356773979,0.634775998327163,0.15237414531445614,0.5473680922175659,0.7815224012863959,0.7837764941283303,0.1219722403522569,0.2255393398607644,0.09947611038247584,0.7755967149613953,0.2801123985219663,0.7047238483785119,0.3825515388023191,0.2732282064449867
Region_5,0.12326635124103352,0.4560632185581149,0.5584540334897761,0.6938432245078467,0.0,0.5524242650465099,0.2679118097322292,0.6925678948078547,0.6787952421299798,0.49337105837203,0.3148360838561683,0.15127804334820666,0.34016735184341457,0.7039826444034265,0.711507121800023,0.48307085138702777,0.5058906458228505,0.44659781016397765,0.7180914044547813,0.27295801451721335,0.5480224034788633,0.21882828327683201,0.576657216889074,0.6273681361264581,0.04176007390021658,0.3832252726386184,0.29415118340721147,0.6078338375802386,0.537686333016562,0.47309479403406585,0.3439914361030816,0.6892018739077427,0.48243899093067316,0.476310296529871,0.7331073071924602,0.18555210360046737,0.8220249180463335,0.30520460220145973,0.29943605126061595,0.7794037340385997,0.7033846179415643,0.3124887692168213,0.19981432879395356,0.34351666679541415,0.37844179917747994,0.2907265687912026,0.1848875867278143,0.640721060510266,0.3408095161205734,0.8044795232123302,0.5811550167641611,0.6455585366929024,0.8611554309723305,0.4374500175274417,0.3885581827914877,0.605880592974454,0.7139631518630294,0.40299690580567804,0.7293932871221525,0.7933293791142957,0.6022140559502598,0.5198600297392029,0.7355423845901832,0.805242211747587,0.5245658055418938,0.18877261296914638,0.7688118060525074,0.7737436788153785,0.2584590853434737,0.3291348006172532,0.5107231008971977,0.3048468895221291,0.6603775636977968,0.6857558945133118,0.3406851532105487,0.7875049714125963,0.622225574083335,0.7380297038625654,0.4959206785908983,0.40370331163250367,0.32943942779126445,0.32188154364999494,0.5781179929683854,0.2990148663156628,0.8056143017770593,0.38178623240048687,0.2663594068211069,0.3508273171374296,0.5364111001251218,0.51173590576821
Region_6,0.3482458981544,0.7623617188025595,0.3488426458327762,0.30090263242255194,0.5524242650465099,0.0,0.3411103258363111,0.5049809282672951,0.2913568687609947,0.3370748060719307,0.40111721329965133,0.4524277133312937,0.9044065276812645,0.5456734638204748,0.6184755148001357,0.37514550186618023,0.8625198933081462,0.2580474748290772,0.8904606545576123,0.6310280689726886,0.4473465644044286,0.5494208393441393,0.6747949371684017,0.525917321164535,0.5721465875362508,0.7707880088857841,0.652221236905091,0.2728807293770384,0.30955545223885983,0.8558263839541281,0.16103553913459212,0.1756367898732687,0.19785049986053505,0.3943742060228852,0.5029812381212649,0.798897553408752,0.4857972209448702,0.7579302096601905,0.31059401485650434,0.6319282965557098,0.7731286380064211,0.22270971845173326,0.8832299556229941,0.7456551763139143,0.5203161633916228,0.6433203400009535,0.46326613913879083,0.7258490899944586,0.23213626695397627,0.2874725380650859,0.8477941584156246,0.9024604941184583,0.35622484823871753,0.8054185016406192,0.5143372187139268,0.3199371092636878,0.6075037513662851,0.27086409553857305,0.24685061623296567,0.6435300705061626,0.5247214032286305,0.3547383202562071,0.6322479050803835,0.23925934024286144,0.4276002075682595,0.47135391243975694,0.40483682780833263,0.3763597673553939,0.42130295720417904,0.7972005658994992,0.1564963429770892,0.5655709971309244,0.20186905311662895,0.4824715265152676,0.05207732356266587,0.2923559467232346,0.7727364338074413,0.7749316930629058,0.5759229142418545,0.06145478631846002,0.23414973095974312,0.6331121729358038,0.7843380298313644,0.761755372035076,0.9613450116815272,0.2606829042197212,0.5290750220736147,0.42673329955708994,0.3197339850342098,0.7231532109645618
Region_7,0.379066144239873,0.5701425625219647,0.6817094575125884,0.5508851178684959,0.2679118097322292,0.3411103258363111,0.0,0.4223665996585214,0.7668998818999523,0.8642868619679762,0.5666782564901076,0.13847772332462166,0.11430489569998287,0.522675178914999,0.7684593210644144,0.6239201155932145,0.7588338255969336,0.904597212388318,0.5290177467672192,0.6722015865806584,0.531833403124844,0.5889650027136243,0.48670130783554943,0.12961118295782054,0.3397896391143674,0.4686538726805698,0.44814243093694417,0.13651879419691543,0.8050137895049447,0.6833188009396354,0.059600880745631135,0.6090492441785904,0.8232338315810921,0.39977384645101666,0.25501358417236225,0.21013003192645113,0.1861972885407247,0.7548416119762169,0.6829115695510762,0.6399487848515556,0.5407589289737875,0.7216502062628762,0.2560282402991982,0.1519298481883103,0.42751852159134357,0.4992346244487083,0.630636781422759,0.3484755977109344,0.20979214254534523,0.67041034953054,0.4551421283992909,0.6228630430029265,0.7990522283745536,0.5727956421252707,0.09193869479943778,0.5661349312090165,0.6753384792234277,0.3253496691565927,0.43560706497520546,0.5504357653677394,0.38704996446166207,0.5845623770887134,0.8787460562730691,0.5007449720930701,0.6900797322272199,0.698371194612493,0.565942736322684,0.7157226820958855,0.5741945329233461,0.63312779155892,0.8983820415201569,0.23417546584138982,0.44995880884889733,0.5483628988719889,0.5444165427132437,0.8377918836332376,0.2567291015771411,0.5292930488997445,0.8061537145330988,0.601152671825111,0.4401540813449051,0.5009058433119251,0.6379442026550224,0.22438937703893252,0.5109582088655432,0.8427882712688646,0.3602892726475163,0.5875588943088553,0.682203186157585,0.49941555577171115
Region_8,0.4950303958626795,0.5606489205442335,0.5388993792042156,0.9795496024325949,0.6925678948078547,0.5049809282672951,0.4223665996585214,0.0,0.5175302217625495,0.30399117696894046,0.3060748962162781,0.605793805825459,0.6858542907426229,0.46766610994799296,0.2858059949997948,0.5209115132067376,0.6263691040067699,0.4677803747742261,0.3945944871514114,0.8847138074098,0.5543787041015302,0.6922932702115303,0.12642262007255967,0.47325387485275217,0.6694043282143369,0.6237351810368552,0.663835172853037,0.42085499094785234,0.3772929559263075,0.744498787355593,0.27201457118709915,0.6045582285001694,0.5526565091329827,0.5524820038138263,0.37320825176162203,0.4144318342089881,0.8278885006165456,0.6757620254267591,0.7930361402881403,0.07954545669347685,0.5134390433297109,0.7841575298154795,0.5033947627348708,0.48242836281825197,0.38103973165194494,0.521809016867347,0.64926721779625,0.510909947284719,0.4131518313631276,0.42907176198075353,0.6360325471637442,0.5379686718196107,0.5944246862859506,0.657541698863422,0.41559891535308535,0.08030370159754763,0.46110636744438643,0.47149717574413463,0.6188851231298979,0.7539826464968145,0.3944893188039098,0.12479227215532196,0.33754986850241236,0.7831511756103493,0.6219671645483653,0.6246196194221056,0.5152647929924298,0.8789558107355688,0.40225098371139645,0.49442727268714215,0.5709354893095153,0.6896151747346246,0.8194609676160209,0.8356872827630613,0.7052183173091666,0.6531773155337822,0.510392236604885,0.32814330548155174,0.7666491396035332,0.4853309055193932,0.5699546052050004,0.2738127561543322,0.5173712221259394,0.24439603920368136,0.6854847034307976,0.18736341881397034,0.4231709821231568,0.7142459655996809,0.6922783093081859,0.5659374006223814
Region_9,0.576668565308649,0.5108776967336195,0.8367083196743996,0.5894520661845313,0.6787952421299798,0.2913568687609947,0.7668998818999523,0.5175302217625495,0.0,0.33203124775844967,0.3140406869034787,0.4133241595265468,0.4013107329324749,0.2575733825721678,0.5413119030568689,0.22373319963089827,0.10657040214622265,0.5356447255680217,0.4670420426686433,0.8808019476283944,0.6571785814854415,0.7304638592386383,0.24001175250439022,0.4860153274095978,0.2695155816199148,0.4767027708982234,0.5162077651348116,0.35252987745487896,0.4427657701815179,0.5357665203324883,0.450544975700334,0.4211307058968895,0.5252522816035501,0.4562151779610314,0.4803046210511143,0.21460454002095197,0.4072639512949601,0.4466516507077751,0.7410765132197155,0.2334616373714697,0.308052554103366,0.4991317576512019,0.520298486520876,0.3603459734030348,0.19856402329581974,0.9053141753091074,0.7407045941019281,0.17033717392227182,0.6080921173299594,0.4771816644048276,0.5565877405936188,0.7502277712027323,0.614899221172283,0.5091651670502473,0.8429029558676561,0.7971279386919193,0.7331004968817123,0.26864773784562335,0.624311389250087,0.4067830583235458,0.6810358011867135,0.4014249589698444,0.7035504586387513,0.06017269785732876,0.5489156381738722,0.6250034247715106,0.46346746821673873,0.8576657709983408,0.5033367427752663,0.35006595173932165,0.4721621862519068,0.07141226804311257,0.4520421607368781,0.5233727845989966,0.5806511203753082,0.38386813955454935,0.5547907784666346,0.597631207244939,0.5594616240886015,0.390083341341456,0.29883186926735006,0.1849086867613417,0.8911076531111025,0.19068758356767707,0.2870415904757713,0.5298865755847666,0.22539359967439765,0.4484396480958028,0.8130260547579519,0.39385868337361657
Region_10,0.4457793793074135,0.7518913112549965,0.46256338718929446,0.8093240794114294,0.49337105837203,0.3370748060719307,0.8642868619679762,0.30399117696894046,0.33203124775844967,0.0,0.07702520647850919,0.7717656235292266,0.9348156005806478,0.22941027362955446,0.3916545014562409,0.8534851599998359,0.2825521478272082,0.43169110809430455,0.8631645262063578,0.2171286802925983,0.26733271612753173,0.6488966487670318,0.5670348383695759,0.39079670612998735,0.4223336756318178,0.7588514038753551,0.37492378380036934,0.3313731549854386,0.5627198953026447,0.562388427928621,0.0829583141042417,0.17070502299050638,0.17671091616823753,0.6691672917259941,0.8405097879056456,0.7026685500359631,0.617715255675011,0.6848983668564659,0.24561916976140818,0.2565245713291791,0.8295231231929392,0.7247342652368634,0.2834996649653606,0.30106737676160844,0.556182409011241,0.6813741327888991,0.4066677918349723,0.1747842050313675,0.39880174336741364,0.3421642471970846,0.3084984808884017,0.2669511808198672,0.592328758787795,0.1980013680494826,0.6415887579608982,0.614637500976778,0.32701603974065235,0.370602288641784,0.8326438587720364,0.9068225880566093,0.5194881664332376,0.9762144393885426,0.4434350966361359,0.418833576391258,0.47440865456211945,0.8243252272370742,0.5524066944579524,0.8095643960044392,0.19553903687797936,0.6410624930131986,0.061229454494636515,0.48916016128214146,0.3018204280097414,0.18615459647172583,0.28261046505808846,0.28750824709691675,0.8663575898364357,0.4733843442947516,0.6160740902781915,0.6384448339969406,0.5391470725375116,0.20399386770904698,0.2597577560032894,0.7647033253150516,0.5789562786605623,0.5982811351608639,0.963020655607353,0.5214331857943406,0.6348654606658428,0.4194675732138897
Region_11,0.6269354697818252,0.1445656980039675,0.45437967844544175,0.6093654364805362,0.3148360838561683,0.40111721329965133,0.5666782564901076,0.3060748962162781,0.3140406869034787,0.07702520647850919,0.0,0.6514875717312765,0.6005728697143891,0.5291925863983264,0.9575365122504935,0.3107821952434547,0.1883585489186887,0.8827986675670623,0.5931962076382697,0.9106821144673019,0.5789713542265489,0.466493098293415,0.20815981465310157,0.2017079659830916,0.44670828795539413,0.368812063959768,0.8730004755836678,0.3526788797251961,0.6514155402994657,0.43306607775229095,0.37712375239030743,0.1939161736229444,0.7010566061404366,0.4866770523350612,0.646560211540977,0.31169774492873403,0.568366896116285,0.6817832685400033,0.27268027784055326,0.6492485940668737,0.6687320788720312,0.536902754990602,0.15591992529077847,0.5457707641004945,0.35608796843488916,0.4830929936439175,0.49298425390625794,0.752898712093883,0.5857136191690182,0.21371169953230074,0.2544237786248666,0.46736150037338886,0.6927530958323276,0.33958989160046255,0.4517782949181713,0.6158499155867793,0.3592858812910259,0.665886816948396,0.7672949267502462,0.2105319325875174,0.8340801809344003,0.6174174542810288,0.3470739238642278,0.4077481590780172,0.66877349447954,0.5290849435416407,0.5313798093376645,0.3937700653346411,0.7525705412223435,0.45088701123209535,0.310848134404946,0.46803316462403866,0.3245343771638078,0.28956588315222037,0.7116630133745854,0.5645602095977456,0.2744169596519628,0.4726561018765603,0.6180026770698281,0.7203107012287286,0.7296631887112284,0.26595089297994295,0.6000894098875101,0.27799206583730784,0.3043421746160295,0.41466839615576245,0.6067739510095823,0.3222466527125843,0.6994597079523426,0.6088201573893155
Region_12,0.3233926128153535,0.20755918804179085,0.8664794507541749,0.14676392563564233,0.15127804334820666,0.4524277133312937,0.13847772332462166,0.605793805825459,0.4133241595265468,0.7717656235292266,0.6514875717312765,0.0,0.5082550494036878,0.16961761657461827,0.6455464795551141,0.355134327576415,0.077249974834035,0.2543844619940304,0.47650407642516385,0.48701266524893444,0.2424289668849715,0.9421393421646356,0.12270744252711191,0.804574927506039,0.5661048193488347,0.2784550912015193,0.5759267958691623,0.35800932301943167,0.7319755298263624,0.20313597051979787,0.6155264359564481,0.2480900162425917,0.49057062984857247,0.3519939328539983,0.7112318066601186,0.41730174283318083,0.7816434210185952,0.5729681999134704,0.5666640370033387,0.23770177758347016,0.6476892046810823,0.46138247053668746,0.6420515198306265,0.6793355104988752,0.6639909931901475,0.7044895536021066,0.16608829493845123,0.4024933713608466,0.6301766232134354,0.40380106777976454,0.5940548016226395,0.5090476188071367,0.6485032903047443,0.45462156019313277,0.3041001443138295,0.40217831303620283,0.87114153258318,0.5875352734843523,0.3034731344334903,0.41964751997525496,0.29579052024415414,0.27860402669090467,0.3796070496879893,0.4043118317262064,0.21812492533027045,0.38466260991673235,0.8221444293472504,0.3834810482622987,0.6935337362539025,0.3246304135654285,0.29704305725302377,0.31411472973800947,0.2633697901845677,0.4662365861966041,0.23413681054802354,0.8587142422479512,0.5824086265104946,0.32052496440602074,0.748143775950889,0.40438424036230486,0.8787628085871785,0.6848718037431558,0.8132602220742695,0.4978568492015901,0.4461056299554476,0.5395112290921114,0.6174232734504439,0.8176856360909849,0.21468448757040776,0.37650604435178425
Region_13,0.5371083685761353,0.6285779765117459,0.5851406273076747,0.6460051272503436,0.34016735184341457,0.9044065276812645,0.11430489569998287,0.6858542907426229,0.4013107329324749,0.9348156005806478,0.6005728697143891,0.5082550494036878,0.0,0.1267865654554865,0.5377269903917226,0.2606290819400516,0.6333629137656069,0.6102346261386071,0.5613454324729086,0.6487932285868591,0.7755420483233287,0.36656640745858715,0.3503997767106268,0.6107664134722545,0.3872337892030784,0.33336996649917444,0.5989532135817377,0.4600838749785719,0.47906632947468175,0.6148412660491972,0.23930040464522934,0.6600662883352649,0.43886388038457885,0.21877153113976178,0.4166071289775093,0.8540324871680331,0.5501048978530467,0.5530991552406246,0.5809559727787224,0.8437300254784554,0.32252035980649557,0.5809973169316636,0.29211708311374285,0.40947186179840966,0.7207009329364327,0.4574237156180822,0.3459063081683356,0.7785414180574401,0.8984149875554057,0.24499087710545608,0.8070227979066217,0.7172429465776797,0.1471057777188331,0.8897304973728462,0.8054056179758049,0.563712384786625,0.6126040871920733,0.3699529019561586,0.8867896689552501,0.6921183801850208,0.5500485181896693,0.41577271465791277,0.2718912556657707,0.4905010402683591,0.37120754049253607,0.5672847119394178,0.2156581082918313,0.44287545867548433,0.6284132425615866,0.1554413308259105,0.30596936460999913,0.7355582875859594,0.7613062030274751,0.38336997567660586,0.4088847114319338,0.5074134928530571,0.3903152727478714,0.0685676710177951,0.5384243463155375,0.727808409216331,0.5882028659184115,0.6287289455804832,0.5107815990023095,0.7179418439436585,0.8402911274273842,0.2225498698264866,0.3150318956149562,0.7440667604750959,0.09236870446766737,0.4737311049936229
Region_14,0.5289778265226721,0.5874971387420134,0.2739608248302188,0.43547277466416384,0.7039826444034265,0.5456734638204748,0.522675178914999,0.46766610994799296,0.2575733825721678,0.22941027362955446,0.5291925863983264,0.16961761657461827,0.1267865654554865,0.0,0.2346217680092907,0.26553157819990314,0.4378315494524402,0.5186984837664927,0.22561751448345402,0.08017325554848265,0.3252692623824575,0.5785479423526514,0.5271220592933163,0.4200113548103229,0.5676727295748454,0.7837851750083136,0.8380922858142816,0.8133722202899877,0.24342087917555433,0.2915666250800059,0.4054358416467618,0.3397077220500821,0.13563721753669555,0.5379495118373578,0.16522676320160717,0.5557921579982179,0.4097284773531161,0.3021908394486644,0.5139820115992764,0.4927473150747304,0.3225823648643716,0.5714187081825957,0.8711352439436766,0.6371740556679633,0.08432262099804078,0.2246100267213318,0.4204121668478653,0.7277661362916726,0.39970277012767974,0.6710673128652473,0.6244976011201439,0.5719943230362647,0.5002713456949913,0.8037926259129315,0.8539066483163342,0.5257858439820942,0.5489597349590405,0.47115889773399366,0.8811570234646231,0.13307314671573028,0.3641433231134612,0.09453097956803758,0.7745283565337064,0.5077656215466149,0.4564718913044252,0.34271817759059103,0.6502367515026187,0.7061509403009641,0.46991796095677824,0.5428933438289778,0.5600999998634936,0.11697866297101739,0.3588390844200782,0.4176170875606851,0.5494398021524332,0.21703281080145737,0.42249361969874877,0.7553894264934007,0.40726595999773185,0.4406662768768585,0.43586961793687823,0.6263219023315922,0.11227703100110847,0.4625917145257337,0.26948568337708173,0.8779907028024907,0.5872909249748836,0.7197307990402957,0.4036928773672249,0.7575922499102571
Region_15,0.8804032604979948,0.6404996106730554,0.5029877179846954,0.7370893284848464,0.711507121800023,0.6184755148001357,0.7684593210644144,0.2858059949997948,0.5413119030568689,0.3916545014562409,0.9575365122504935,0.6455464795551141,0.5377269903917226,0.2346217680092907,0.0,0.22649414830130082,0.7215359922383827,0.49940226168546886,0.33852373951292347,0.43860243539913,0.9011879622071215,0.9663796214849416,0.7442202314475252,0.3854414523814396,0.5804704850714903,0.17600301637101406,0.7121705263794711,0.7021951313360679,0.46612217762346736,0.7458219667858899,0.4700542655809415,0.5477787555070577,0.312455724591616,0.6578741418631733,0.7190030115442738,0.7274197874935326,0.23297455753156765,0.36334999916841354,0.2858309905200441,0.04844640935629996,0.7353176535038275,0.22867355020106578,0.36604157457150144,0.25265911582752254,0.7122449683530767,0.9635842345631811,0.7007321541928524,0.5706536592854572,0.696415587075264,0.3134495480016594,0.42568401510435405,0.3319636409286764,0.3776021876797086,0.344573776238607,0.48449456581319134,0.2234532337260689,0.7062403334534567,0.06673258256968023,0.32368110009870055,0.5481085998268912,0.5651010008748187,0.3294847136678567,0.2323354042280304,0.24733510018059457,0.43158140803023154,0.7440471033372551,0.6695306665268331,0.4506628432899283,0.469197973407122,0.4615388984220737,0.557780906620536,0.3995837001639688,0.36290041190047295,0.45518929637965033,0.34318131580763545,0.747998976099959,0.24399745211560747,0.4423031754644162,0.8653947731396585,0.5563811834738923,0.5066202582638132,0.49176319972670607,0.36183378623342904,0.6705880883645304,0.5218603598791185,0.5135086943850702,0.5956393268568765,0.20707183555978675,0.26696093115204117,0.4152062233480495
Region_16,0.206154179960711,0.6067496942081159,0.7824805778851879,0.6282618172324574,0.48307085138702777,0.37514550186618023,0.6239201155932145,0.5209115132067376,0.22373319963089827,0.8534851599998359,0.3107821952434547,0.355134327576415,0.2606290819400516,0.26553157819990314,0.22649414830130082,0.0,0.6140861082598081,0.7961543806205265,0.6102784259709739,0.6066659611181913,0.29726845442805155,0.7511752884802678,0.37965778459150673,0.23754367622940348,0.7994182331891995,0.6714142371715086,0.6792376420595987,0.7983936196579957,0.755639455299671,0.3476953001497095,0.24050204326258823,0.5412452049327843,0.732803768746604,0.5690841125691939,0.6706387210675533,0.4563287097192229,0.49710229015637764,0.32834421431999533,0.5436329110744142,0.58760441314946,0.4423330462872133,0.5061047590101145,0.2369682812602355,0.7788274855912234,0.470876230655361,0.6719841079592557,0.4817901231713122,0.7256367112781479,0.5009642954744112,0.5522110370159052,0.4928158623000022,0.4391083747271713,0.9081782571746432,0.3983530812986715,0.3845418731751282,0.5280243350147638,0.49313453106209115,0.12478734466880947,0.4581497738081265,0.27819502077025055,0.7853900545758712,0.5892439595495679,0.4146264330178411,0.7530361035885453,0.4159711488997746,0.7329550386600692,0.43156292493868625,0.4069223760389666,0.6368685892675605,0.7234627560426097,0.41286209512352484,0.15773176841414094,0.6763989464397364,0.16838476483624593,0.41746618692529824,0.7187465407065754,0.49825521175066495,0.7149465747093573,0.361859476053979,0.673086905672226,0.26225869044141314,0.7260171659816061,0.3415172652644506,0.3401970038278599,0.48765401044447776,0.5164307102242371,0.6573080715333939,0.5260042484976646,0.27156952400794254,0.6808806334616757
Region_17,0.19219517003811248,0.7278249562457597,0.1405731211961892,0.3593548287086923,0.5058906458228505,0.8625198933081462,0.7588338255969336,0.6263691040067699,0.10657040214622265,0.2825521478272082,0.1883585489186887,0.077249974834035,0.6333629137656069,0.4378315494524402,0.7215359922383827,0.6140861082598081,0.0,0.34439906998683867,0.8222747572572743,0.7940363946850428,0.774058741001683,0.7576883093380309,0.1739117809039133,0.23773781920827602,0.5871341831888615,0.2540625998230374,0.9907817775163283,0.8147244632533606,0.8796006166972584,0.4316973859500034,0.3302141451868222,0.7263645218660912,0.6012292092518854,0.5780025362479875,0.4835659472560916,0.46100093138089737,0.3603584847331936,0.485866535083262,0.5337283748454054,0.5039413936094541,0.6466272478814283,0.5060649722981593,0.4688061680028354,0.19989876193258066,0.4636528491520655,0.6142455503386504,0.3496066621022863,0.11202758749708835,0.5523695034153014,0.1737412810084979,0.34092655134540517,0.24251006402521125,0.6254814664521262,0.6238249979809047,0.28726521692458085,0.5536991668121607,0.3851507830001613,0.7545868363220707,0.7428645370221946,0.37408273078215387,0.6785276062896499,0.6917754456725309,0.6576217526055388,0.4594375268120644,0.5366941282744934,0.7255285512892133,0.4546082331531029,0.5068380688995069,0.36744534534152745,0.3117104892085991,0.7224541384653702,0.5794390329840313,0.7470127163131411,0.2790240939027526,0.7142369281316676,0.5672686353417831,0.6597024936530329,0.5551676212509142,0.3886364709559419,0.7164538292389233,0.7114863348634841,0.49425455433454574,0.7440104250097753,0.2874478149458725,0.4274423438233851,0.6671216339171598,0.599135368788569,0.19032393766472872,0.353202172024528,0.33711102884082594
Region_18,0.39352149924921326,0.8210991039973476,0.28986051131122215,0.7526729425059067,0.44659781016397765,0.2580474748290772,0.904597212388318,0.4677803747742261,0.5356447255680217,0.43169110809430455,0.8827986675670623,0.2543844619940304,0.6102346261386071,0.5186984837664927,0.49940226168546886,0.7961543806205265,0.34439906998683867,0.0,0.2765419028533228,0.5287932161262877,0.3442356651434351,0.596837736934698,0.29825431127608226,0.5053656668981725,0.13798725997750977,0.39700444766208043,0.5741409671981809,0.8282439831800087,0.8043318439078896,0.23416456400582147,0.8908943265149111,0.716832906286182,0.8627458822084714,0.5690746122759904,0.542961791545107,0.813060725804057,0.5148434162980625,0.834317099237257,0.6240488379360989,0.3392703684493744,0.6523040693537809,0.4411197406042358,0.19597426216916125,0.40194109677302226,0.7612172755663744,0.7205396314974521,0.279025921606628,0.1692088769394744,0.7978540268795089,0.25480393475470925,0.5978302059449612,0.630789586872362,0.3317714975623886,0.22252923560244453,0.17894205299995908,0.4190049371606094,0.580921835265197,0.3717962749526429,0.40989301203519424,0.7927826405045411,0.6075083476664715,0.7913186327462688,0.3863338611312778,0.5666203159389913,0.6091049471997787,0.5022517544206732,0.4223044644089281,0.2987845563999543,0.8376558096608812,0.436228901471379,0.5955916163475271,0.7557561720535022,0.5552285813959186,0.5560851627639043,0.5442488519586564,0.8205616024409181,0.06128981403467465,0.2023599762413512,0.48471395207552276,0.6078475353061429,0.8064417852663224,0.5477242394550261,0.6145212836397701,0.5095897396977899,0.904250640234888,0.6586831712128873,0.6356684177970864,0.43788612296475266,0.35408735885627385,0.576086116509317
Region_19,0.460588827155681,0.33938677438447973,0.49957360163066,0.635894492350962,0.7180914044547813,0.8904606545576123,0.5290177467672192,0.3945944871514114,0.4670420426686433,0.8631645262063578,0.5931962076382697,0.47650407642516385,0.5613454324729086,0.22561751448345402,0.33852373951292347,0.6102784259709739,0.8222747572572743,0.2765419028533228,0.0,0.5253657564200755,0.3662403952133042,0.5609157071079145,0.4662824730773529,0.22982129512046723,0.2617276642979724,0.7188368968377361,0.8033510434645053,0.5982258925183419,0.2324071650384394,0.527738317263295,0.5083830898262215,0.8712409466782665,0.4689136709297646,0.2602570849614803,0.8949320101138148,0.599842802201795,0.09752260411987373,0.8314635081601766,0.7892395465061972,0.517764619004845,0.17240787290624082,0.6388190106312963,0.9230361939005085,0.8216685737738606,0.2909870077640762,0.7951276268610636,0.20102326850012409,0.8686161025378374,0.5930275554715779,0.13677036552602395,0.23664324191133768,0.744312821681739,0.6308600476696611,0.4637152585320529,0.7330936289429677,0.7118853969260356,0.6605521860815089,0.1369793239846453,0.14230849852150756,0.26723230700768796,0.5028875001466915,0.6239699461222058,0.8922093340129711,0.2946967717823476,0.2736541886608889,0.2679581605688415,0.5505909503320562,0.418921589240187,0.8046208632282774,0.43071802520490676,0.4103594477164105,0.3582745043123935,0.7116642220420399,0.27134408785266373,0.5247899817130195,0.8734851418948775,0.38534069934128845,0.43913831527579433,0.6146572312233086,0.31494950795372517,0.6255650080687862,0.46957796914521766,0.906426254807185,0.2759703601432924,0.1465366577552928,0.3697993381269596,0.3355277509561524,0.26501077186549343,0.35766213365041644,0.8329855187182227
Region_20,0.6734946025020729,0.4262705570607939,0.40851159104163043,0.657502955931424,0.27295801451721335,0.6310280689726886,0.6722015865806584,0.8847138074098,0.8808019476283944,0.2171286802925983,0.9106821144673019,0.48701266524893444,0.6487932285868591,0.08017325554848265,0.43860243539913,0.6066659611181913,0.7940363946850428,0.5287932161262877,0.5253657564200755,0.0,0.5163178164297915,0.44042939363149636,0.7184572071515404,0.4102706343277059,0.513233154972693,0.4126192329297539,0.6186247687778514,0.5448724855438912,0.46115754901727257,0.14291066436219707,0.29990639570866734,0.6161665339686848,0.8220638665194966,0.5414890071715509,0.4065988909667658,0.38821874515385274,0.5132784094345485,0.309392377880603,0.3684119699596225,0.4405712023984863,0.3900179045609053,0.6766310994577482,0.9015235994762458,0.5302424388725907,0.5635426307430251,0.5600913877691506,0.2535263722995381,0.45852276077479187,0.3741651348907759,0.16121161851367122,0.6432100401000415,0.4389177316955763,0.08935553015849174,0.42979203003231703,0.4134904080023991,0.4327651931546651,0.9301251479965522,0.9390434156400232,0.3717869932802147,0.5274051356304886,0.8262208249543684,0.6451570004394613,0.7448928343808827,0.3494553048954865,0.5552008134013124,0.6827906728201714,0.4192070848416991,0.10321592927620094,0.39717132942051186,0.36262596849583356,0.5306937283890889,0.3943665266982999,0.8625944516599433,0.4190018602006149,0.3874869964594342,0.2887595161424776,0.5496421411256531,0.2835184462565935,0.1475435116393211,0.3186075582090315,0.29940773122775816,0.30425779054201885,0.0962965066879829,0.2132288218635695,0.4865628076746356,0.5414980690480564,0.6603192094507311,0.907496277803776,0.5064488177728111,0.39903620174866045
Region_21,0.8057241746109426,0.5698157169745026,0.4314350526757278,0.6798318159270513,0.5480224034788633,0.4473465644044286,0.531833403124844,0.5543787041015302,0.6571785814854415,0.26733271612753173,0.5789713542265489,0.2424289668849715,0.7755420483233287,0.3252692623824575,0.9011879622071215,0.29726845442805155,0.774058741001683,0.3442356651434351,0.3662403952133042,0.5163178164297915,0.0,0.6546220752185571,0.4344950649952701,0.4207638668745217,0.4686030443957463,0.34736300246047863,0.2525700990400733,0.5870780600729542,0.7433957948266158,0.6419708030308584,0.8735912879606583,0.606649233567835,0.29242386148828964,0.5945187930459629,0.5096454994465343,0.43434589487307346,0.4112031162097741,0.6950281994858314,0.9049821558896278,0.2344082982643797,0.6503959321526156,0.6984478676678726,0.5374831850227466,0.12195280401510938,0.6506261968716887,0.37326719203360953,0.5717909194414467,0.4126772314206951,0.030036758318932044,0.8595492140433897,0.14254994488829426,0.34612773668694247,0.3325574914813278,0.6127997877149379,0.650635742629159,0.8403064678145366,0.4298259361270757,0.295218702576999,0.3337938457070706,0.3224883119300888,0.4669934898502402,0.3233864696325219,0.5865105352024063,0.614265053463878,0.8249094878806164,0.09831149303758341,0.8297290602046075,0.6989401410884738,0.5626028651918755,0.2383007527784844,0.7020580538397694,0.7528832272645956,0.5667603590478179,0.6132294023975451,0.4552575867529111,0.5320288255229524,0.5181097476682757,0.8502492948036129,0.33867233703277266,0.5777358246728842,0.5752276791208628,0.8058817101069515,0.6420006825791558,0.6922482159412279,0.5438511484173204,0.408994828738234,0.3391659085088335,0.8028638428239878,0.787156665312315,0.2650313961694876
Region_22,0.06978465539001993,0.5870703402195991,0.45737614967196766,0.2141466376414558,0.21882828327683201,0.5494208393441393,0.5889650027136243,0.6922932702115303,0.7304638592386383,0.6488966487670318,0.466493098293415,0.9421393421646356,0.36656640745858715,0.5785479423526514,0.9663796214849416,0.7511752884802678,0.7576883093380309,0.596837736934698,0.5609157071079145,0.44042939363149636,0.6546220752185571,0.0,0.6127734638883205,0.32296841892539746,0.8134232936124028,0.36823448838497,0.45455136344723246,0.5873790599825613,0.9468710556110576,0.29185627546916587,0.4192340659970954,0.7029244212173691,0.634084306770144,0.4637892708396337,0.43615879912281386,0.44274318672283636,0.06100130395787551,0.7863917685760925,0.4364101906057402,0.3505155435705633,0.5334192117310355,0.32725017681218493,0.6233977576525453,0.48557601229613384,0.5303745540610056,0.45122380616484764,0.36493726030068885,0.6242993128508783,0.5089622152302744,0.8610228342155595,0.4175742332089118,0.6211390421973779,0.8616539746537826,0.5586203679682783,0.09055198829068362,0.2357917288683563,0.5110198821798455,0.8044781577005944,0.6593379816075844,0.5055776791534663,0.760606640625512,0.8344048504834489,0.4687430426165538,0.9023157981404836,0.6655104978224784,0.6178746554753571,0.4291905612039333,0.435420244453059,0.708793168435677,0.32964758886185574,0.46650417485123813,0.6839285243969768,0.2500109674725883,0.21893902134166165,0.7764501798816484,0.65219784037886,0.142343806013899,0.5172512189620235,0.5965184013758733,0.46891442523051163,0.5378471249424683,0.36797334128249964,0.6539799385125404,0.4908265239375948,0.3334516088642438,0.7219917068800961,0.18743709766642352,0.3199529693706499,0.39931579576811066,0.6835802150289704
