,Region_1,Region_2,Region_3,Region_4,Region_5,Region_6,Region_7,Region_8,Region_9,Region_10,Region_11,Region_12,Region_13,Region_14,Region_15,Region_16,Region_17,Region_18,Region_19,Region_20,Region_21,Region_22,Region_23,Region_24,Region_25,Region_26,Region_27,Region_28,Region_29,Region_30,Region_31,Region_32,Region_33,Region_34,Region_35,Region_36,Region_37,Region_38,Region_39,Region_40,Region_41,Region_42,Region_43,Region_44,Region_45,Region_46,Region_47,Region_48,Region_49,Region_50,Region_51,Region_52,Region_53,Region_54,Region_55,Region_56,Region_57,Region_58,Region_59,Region_60,Region_61,Region_62,Region_63,Region_64,Region_65,Region_66,Region_67,Region_68,Region_69,Region_70,Region_71,Region_72,Region_73,Region_74,Region_75,Region_76,Region_77,Region_78,Region_79,Region_80,Region_81,Region_82,Region_83,Region_84,Region_85,Region_86,Region_87,Region_88,Region_89,Region_90
Region_1,0.0,0.5133352066796418,0.48795373112961027,0.5817210571273382,0.7549978692284551,0.056463638325027266,0.5470787217971476,0.4316349205116538,0.47335875079731776,0.3639936094117145,0.8224855878498237,0.41557961330493626,0.20491440295726376,0.966328652999858,0.6124410884867706,0.8995348590690413,0.3965238958360903,0.29163996948028514,0.47244968286459055,0.5076983959168797,0.6728964305078984,0.2987415964389895,0.3873154041004039,0.2854907126026974,0.9691946858778775,0.411172824861936,0.7460063676169189,0.5828444739337315,0.5991247749172646,0.6191548201551232,0.2063938546136178,0.8359944152402674,0.29767965921333783,0.129505998310878,0.29340391535754873,0.6229030178497745,0.14355278918564685,0.6441624716513997,0.7098223524575571,0.7668240729570497,0.1699088408558273,0.04366768983530411,0.25923822608583164,0.465910150358972,0.43184767099056465,0.3102110484862234,0.6381516438668378,0.5118814245549974,0.27956979390222275,0.17938654976588225,0.6815932250252958,0.8306862227043441,0.10051350577101648,0.5265046820237239,0.541599145454627,0.6658447635192082,0.6668527340252763,0.45369850861911026,0.1941564413879182,0.3136913369456898,0.39414983017274346,0.3764664513294885,0.18722706684944845,0.22076462675299097,0.4777505767716549,0.6251179541420976,0.471425760444898,0.20646244882507497,0.15400180165521543,0.8633817227149798,0.37591082349784755,0.63470020278749,0.551517854172905,0.10042228260844821,0.7412083907120376,0.8431711553013796,0.8545359441295441,0.3136043873404547,0.4508453443145539,0.8737046260878735,0.27244666640195586,0.4664156342885608,0.4953364696644537,0.5715405510002574,0.43883689968905093,0.5519710698711775,0.5200618619396272,0.6366274277058983,0.3312927310169213,0.6858468890667458
Region_2,0.5133352066796418,0.0,0.6415989461317437,0.5987324745086666,0.3577355442306312,0.382529203875821,0.5857853520502535,0.6908613883289696,0.46854743902643886,0.3386825362192488,0.28143802655370204,0.6852758267928998,0.7405780126203824,0.3074913138168577,0.15574994025826466,0.15108253472410166,0.8540919126667601,0.7513328333489624,0.15011740204705382,0.5993392475270891,0.5646294669115206,0.8470150814068016,0.1767530300258051,0.5820900805484828,0.6030858014359952,0.19207085454851108,0.13452252817611043,0.7589628194775428,0.4432898649934662,0.9206510424585612,0.5092140204288244,0.879833646265493,0.7643881271055173,0.5176896151372161,0.21390849228551123,0.6412784899313009,0.8307930761710784,0.28949704907162493,0.7780266889931815,0.6041845138923982,0.47517281539600553,0.2633071495817117,0.45129854384211326,0.626994198578757,0.30577021652101155,0.26133068202239235,0.8439730162259631,0.7197099369993301,0.27550651158654293,0.7662468917040831,0.46135735448538207,0.8808366741906795,0.6601412333257077,0.29940182218816136,0.2150260104038048,0.11848724428768592,0.9020792060182702,0.25323232019399017,0.5672496727178322,0.6495398603559437,0.651723047399569,0.3698444471649785,0.17334919408232724,0.45772137174735983,0.3165196543736852,0.35149602270565083,0.4935580266225766,0.6908820396187123,0.3496138178235592,0.7337045347881046,0.4542752309208276,0.06891104741665571,0.3005412085583137,0.26574640934929195,0.5565720794130633,0.32885480592532945,0.36278208825930186,0.3628738391554133,0.49484968976789984,0.6913084999339887,0.49490034499424734,0.32869347230192714,0.5255425715315598,0.8796882912734607,0.12077804318738294,0.7662203939796609,0.17816572755096488,0.38383453859850714,0.6355011221901028,0.5210641245106683
Region_3,0.48795373112961027,0.6415989461317437,0.0,0.6575107541418388,0.7341896324365664,0.5382305285770543,0.41106562937019114,0.9169090087279881,0.5555763203176788,0.5217516596520373,0.617025000125584,0.31548974856099254,0.27840954547234326,0.2031036006878672,0.48282000185615304,0.32867805781060194,0.5093000227993488,0.4182857708642472,0.7868576400277545,0.8635732281601083,0.45817171336686546,0.29484441422352387,0.32032842452188975,0.5570210746783937,0.24900764931992875,0.5610243024178079,0.40176492098957883,0.5987462715752345,0.12108391183520317,0.21810308170334158,0.5458209630405264,0.28364371969122787,0.31827762326229236,0.36141222758873875,0.552919769666106,0.29198269678622857,0.7840266408383759,0.6619277013987119,0.5382560660700728,0.4045186272356654,0.5694415895187506,0.6292761013910779,0.3015410309607752,0.6972115217603655,0.5885477490611364,0.41630598984016653,0.4682635611724791,0.4804184186188051,0.5658573743777295,0.4213203511443171,0.23587371974106047,0.4852134003526201,0.9379089521352337,0.4473429121396329,0.7225971430097805,0.42760290126405004,0.6229686428120924,0.5172085898356321,0.6197356271023918,0.4107792141318949,0.29988484482174926,0.2636016401268541,0.6341072772729562,0.4928155991561804,0.5317157365302765,0.7256722988410141,0.32790937781057544,0.8516929181357975,0.7011022742567864,0.2198423823045494,0.5819179702024844,0.7130447518427439,0.6876663734154909,0.1637567024979546,0.6969642305789476,0.33452518935437414,0.600208113982601,0.8172856338644489,0.6930254075079463,0.7290582714822651,0.24468198012581893,0.8258954770438283,0.610921891688804,0.48919920735938605,0.7116365014554583,0.674501071858669,0.33653273054033594,0.30954240019799734,0.3036454712633428,0.7226558830049079
Region_4,0.5817210571273382,0.5987324745086666,0.6575107541418388,0.0,0.6419027516215307,0.4253631811570598,0.4838910183314114,0.4983380731856548,0.8169143103462544,0.6866886462798654,0.7990312450379793,0.029508316218615327,0.4465219456763288,0.20115197833132747,0.7888064416197964,0.9428483042795444,0.5800621226246647,0.46670861262483887,0.6372584025750014,0.5800559483040711,0.5046243867109661,0.6516279430152953,0.6390343967559731,0.8676266641133983,0.7246082269751998,0.5650672902526976,0.4730206317935505,0.4160299439764651,0.5443608658704904,0.47118134292219593,0.5919712518791411,0.5114301645125602,0.5095833592295664,0.5875434216994453,0.4562089087536537,0.6763890477017128,0.49168834086743274,0.7076699018344669,0.7941268945692028,0.07512988971711848,0.739714156708742,0.6317230077886509,0.7250272698021782,0.4389788607168883,0.39471272580532546,0.11557328957112101,0.8111374332129333,0.43660486592058073,0.7515314512034781,0.5820756041672394,0.49218569609309215,0.5565153385391199,0.7234379844577614,0.421577324985019,0.5623392087895274,0.7141541046684763,0.7335521190490653,0.3953941871748829,0.593702004309842,0.6666511412020577,0.2746624692034717,0.8073554921377488,0.5406960179937568,0.5775558256495497,0.4566840332480221,0.1549873780577416,0.742973060509077,0.45375559336725796,0.11000507543185345,0.6070456959668284,0.5198033434606042,0.6244144276992178,0.4835967081882894,0.250270392265584,0.7299233558056148,0.2358666685663609,0.11926203848801625,0.4694835973060248,0.1589141546565871,0.1265372392138306,0.6891272614529436,0.30800569220014207,0.6816601612451489,0.43798364805345363,0.328946994538952,0.365295202805153,0.38308610548939825,0.28322181024864346,0.4104643736653934,0.507999001882827
Region_5,0.7549978692284551,0.3577355442306312,0.7341896324365664,0.6419027516215307,0.0,0.5163331164779426,0.40859874801778445,0.4182492681497162,0.6290527683145266,0.4731248745352265,0.9096830394856255,0.5111562090667969,0.8291651418980028,0.2962418286039772,0.3333069868752953,0.7455995624036371,0.5316878136603692,0.3695137921417682,0.5297878512338965,0.5725675271595512,0.2872623885946978,0.26180765873463796,0.5622866536486161,0.5953380400310724,0.40327849229429386,0.43082398345139256,0.3004346354123462,0.7749953536579859,0.7487439414643111,0.44161620778146643,0.31181843339864646,0.42545713800215107,0.2869842789522998,0.7654770771530425,0.742999437623602,0.3921933449459483,0.4364931076631818,0.3023567580689461,0.5460992805857048,0.5871707253898188,0.39203000633489066,0.5945137265624441,0.37397396856577775,0.2721007398475388,0.3654995751448071,0.6021466403434873,0.3238085538194263,0.26215381072698185,0.794711961057233,0.3305644788178751,0.46798069350772,0.7304563089004139,0.26432506798654665,0.167541289165012,0.6743388228726018,0.5773276017372955,0.48321739785000467,0.5859287054800982,0.31711409349809855,0.4058044699929057,0.41329101966648474,0.6320631826147716,0.47354743105529956,0.41451470824801245,0.5432701867168992,0.20836150676100756,0.44917743618986394,0.5329784288794288,0.09800844491562444,0.4036593651908054,0.6549105826677066,0.4273275806812208,0.7735548457078285,0.45052366358844803,0.08460304500049448,0.48203210397404306,0.5253652689923967,0.5003706051569138,0.16749473778805857,0.6956970429334652,0.14771097366750424,0.10791007404685354,0.5881652120053368,0.540046288508292,0.39963258092804993,0.33920046064056547,0.43684458958251704,0.13273164125377063,0.31282096981458823,0.6785211905424787
Region_6,0.056463638325027266,0.382529203875821,0.5382305285770543,0.4253631811570598,0.5163331164779426,0.0,0.5467483372770264,0.8482680076099389,0.266688790187739,0.5581185506951418,0.44814139305113215,0.2524414861567805,0.8318734908977057,0.41577080395859217,0.513284871824588,0.7252927343152316,0.7263446039941004,0.48756972301237095,0.3726117671193457,0.5913415610051664,0.5763307957599271,0.32473357482935744,0.6301396056541035,0.9450088322689283,0.8395718216859273,0.4617198879672983,0.22370779473814673,0.32306149986185345,0.664674479019961,0.7119279493412642,0.21134243277287557,0.6981585032297322,0.26595452062895014,0.6592719848733797,0.5200054639811437,0.7741762675795018,0.5970687626817015,0.7712996087519329,0.6342539185754668,0.5103671064811144,0.5679268063269096,0.44589421426921727,0.5401355906393863,0.6220349429466566,0.3463102561841295,0.8662642763108954,0.17878068344378883,0.8135738202094958,0.42214095049432854,0.027705423689868613,0.6052354216639959,0.1501163233665307,0.4799166303196257,0.06376861930063527,0.36063968473717833,0.5308227979900512,0.5988447170658543,0.4381368860893168,0.5042519073708285,0.7205975149321577,0.43406890968981277,0.30683280129040486,0.2666119055621334,0.649453133273037,0.5902467555768367,0.7642006726046434,0.41364247980086444,0.43478914414902003,0.5790428911167301,0.35755115307020435,0.40147873535793455,0.46538426238926434,0.7594728786795539,0.2908509756204957,0.5738131476665984,0.8860750094087,0.6338328488714503,0.6185876087484394,0.5193728322051505,0.6867764285498855,0.029687984244486598,0.5375553304558349,0.6432137135937349,0.6515489742072167,0.059084936851245606,0.6562461037621163,0.023277013034015748,0.2167773075590489,0.8587888023740653,0.8369324206529591
Region_7,0.5470787217971476,0.5857853520502535,0.41106562937019114,0.4838910183314114,0.40859874801778445,0.5467483372770264,0.0,0.30641136436070926,0.3069615893165796,0.9193630633930696,0.9472812152186507,0.3893658028336062,0.26456247898050067,0.34114411561497454,0.4574130956937706,0.7000615516895994,0.6493673345287746,0.4098291919327865,0.739430202195956,0.5276997721795718,0.6290267509207381,0.1852394347290756,0.6672071075167285,0.6656956076918137,0.23332463234115391,0.5281480337676427,0.7226510946712155,0.5694309725718478,0.8230606557125022,0.8358949552263909,0.6253807196941236,0.6386371210259532,0.3229930236203558,0.43322070611145236,0.8627131020059335,0.458994265371307,0.2546177677131052,0.42425457111365716,0.23820489334343442,0.070363442294604,0.8394414105214623,0.444013308956095,0.3462040030641506,0.5513641350042044,0.5867559376105963,0.3908491933296473,0.3721604425650327,0.14710408329369817,0.29469476442503556,0.051783048650133334,0.9728742526907364,0.5267137147264269,0.771817365191164,0.7287017231333539,0.415570185421461,0.33772922923687776,0.7630855810445552,0.7684975080171933,0.5063304624833167,0.2535610545493387,0.1273894216984806,0.3831724589244069,0.12326091818928409,0.5807713930870531,0.4942234616295844,0.28440785009199354,0.8990824104213424,0.8547272767396128,0.6730425560728297,0.5800514641046746,0.8209780795949699,0.6310858086282203,0.21488720667049083,0.5188171829786297,0.31552475159347454,0.8650304663913425,0.46002253029897777,0.7119406454882817,0.6495994926905722,0.4611241377849805,0.2631914138914458,0.1720099379448567,0.2692839698797296,0.5628654833996611,0.19373918220631658,0.6117941324024586,0.0834734924994549,0.22932286198282525,0.5114136190471805,0.4803102419463476
Region_8,0.4316349205116538,0.6908613883289696,0.9169090087279881,0.4983380731856548,0.4182492681497162,0.8482680076099389,0.30641136436070926,0.0,0.8312318548001598,0.28275232178741533,0.5474664756184403,0.6416793617221663,0.6958996008679161,0.7436114727311196,0.45606743667566785,0.45622589585934026,0.5306391572953798,0.4201302735979265,0.6467072642358872,0.23250665084655997,0.458115358569263,0.47954997405067284,0.7468073015399685,0.6878891037658635,0.5305645459288364,0.9486779839610395,0.5118159385293166,0.6094833763162691,0.5230684910303028,0.7645369547375137,0.852088095045711,0.2733927835652684,0.25102267743086265,0.6784088429800563,0.8116907278011117,0.6914983624027842,0.5536680705340146,0.6866019494610933,0.47201357531255617,0.6610833422033479,0.7352608479396694,0.9158271128412405,0.43939789605335783,0.511514301522956,0.7063919138224628,0.584363118700896,0.3430025524961942,0.3536836653367289,0.2612935016192113,0.4477122020427272,0.37311782339235605,0.5207038733936818,0.7004321336058046,0.37860448725542667,0.561016139795316,0.3301474523431164,0.722279997691459,0.8228196373058063,0.36039687348243016,0.6203222090046281,0.557425232283391,0.28035481558843584,0.9133665361632342,0.35193435366902986,0.06690766572002865,0.6297796049809787,0.7232361381451405,0.26633067379257724,0.5862168935474439,0.2869183883989349,0.26799851588458706,0.07739785230416601,0.8560563718136303,0.4720611850210191,0.2540474112237013,0.8191880394587496,0.6817458233389451,0.28673544062045636,0.49349052889404543,0.7065164065299323,0.42210674722933184,0.6338783637661303,0.8535198254755261,0.40660544460214515,0.6528071511296193,0.4176224383035325,0.5062052496440116,0.4843453402346878,0.44049796425094,0.5469255958488315
Region_9,0.47335875079731776,0.46854743902643886,0.5555763203176788,0.8169143103462544,0.6290527683145266,0.266688790187739,0.3069615893165796,0.8312318548001598,0.0,0.6589478736051761,0.2636476199836655,0.43053259875939415,0.26943967673964253,0.4786176425576782,0.7829721894797455,0.6320072755642758,0.47795679823142917,0.3659798686778025,0.3715771135909214,0.6661724899423997,0.30238292830422037,0.1904439745685237,0.8103089116222597,0.3992927368729897,0.43334217249381424,0.5858053330422097,0.24768585849908226,0.2527640705650241,0.6473673255286755,0.5287140839775598,0.7708513311452854,0.18891536695480887,0.814774340272489,0.2083797317194498,0.7764981042989914,0.5807623206527549,0.3044147226493002,0.5862437124450699,0.5741246586718002,0.4159286858751852,0.18121741480768017,0.8547171845617584,0.4433599830365805,0.46732933365282864,0.4949441057551496,0.3753833057560852,0.8408739825140843,0.37764699288155634,0.12265348426665762,0.3756167650507176,0.5451571757452629,0.6430201447920005,0.6213283785166888,0.30619892091599643,0.3128399202810246,0.2939453228024729,0.11513214038802078,0.397823593235871,0.5667678851454777,0.5735604048385015,0.7825183538136148,0.7330683889886959,0.09718770666109472,0.5803514252997037,0.8460694859719515,0.17871522576799248,0.4429857145825989,0.6157840741750231,0.49125382023755404,0.9243971016994268,0.18697896690565147,0.582740605113794,0.4837709601231372,0.37691233853065503,0.3675706098598943,0.1961237585711616,0.29287757849397805,0.12870321800882073,0.48279554861998886,0.3991736596987692,0.7860033589369189,0.747865872084041,0.42135216660263103,0.14368824522968526,0.4319471784524995,0.09661618175838055,0.4618462906028455,0.1713094303810433,0.4956680041007366,0.8660971034918388
Region_10,0.3639936094117145,0.3386825362192488,0.5217516596520373,0.6866886462798654,0.4731248745352265,0.5581185506951418,0.9193630633930696,0.28275232178741533,0.6589478736051761,0.0,0.7718059905912329,0.6081362680545997,0.6166043091184814,0.9711468131329677,0.550755502116157,0.4156426522162753,0.520596763396614,0.3093141221765147,0.343175902997403,0.363346203389748,0.4684661479951414,0.3905274950312218,0.8639653248659017,0.48050322123510447,0.48601586443381484,0.5240561486550601,0.2908068663489484,0.3981562768058592,0.4954938790712394,0.49420909573222466,0.26617362554951796,0.6083322958590498,0.880241925559655,0.3698418224285329,0.8884881488492476,0.6111796069259787,0.2515368417712203,0.46157002397728775,0.5390492380883685,0.8355463268636361,0.6918990069392877,0.45853926970733805,0.8214970260613637,0.5629119044250916,0.5164397498822957,0.49737939407486736,0.27229030713310304,0.5485310310193316,0.4454049867156141,0.44618659661455473,0.4319437003389091,0.08600221144494741,0.2560255840486434,0.4973468955712209,0.44444653047307264,0.29753789836110534,0.26643158763229485,0.5821132677780496,0.3602362356272603,0.2998201010322345,0.3435801049029557,0.8385388940337586,0.06104652094023161,0.5584352406920641,0.15058086499629092,0.684985485594223,0.3327840481435176,0.5331559755900059,0.5148318301975081,0.39321487412123063,0.6221963497225489,0.5107110743949806,0.09430083181466437,0.8274661362269334,0.6668893267946088,0.7418373151305131,0.5421497431451332,0.5085534667413344,0.28599796140462547,0.5358859124787245,0.6695697066376247,0.6060548012968242,0.4709846044516354,0.37795586461230796,0.4737635679507972,0.5264143920320516,0.22717972495231742,0.5616041730282901,0.4711611111355173,0.5025891630493771
Region_11,0.8224855878498237,0.28143802655370204,0.617025000125584,0.7990312450379793,0.9096830394856255,0.44814139305113215,0.9472812152186507,0.5474664756184403,0.2636476199836655,0.7718059905912329,0.0,0.32966714736281716,0.7750320071164221,0.6203284525920815,0.769879120623861,0.8946140906237932,0.32078348435401893,0.5266398835166546,0.29261482743707645,0.5651610090846947,0.6128576960279364,0.4937439148010472,0.8334540696306862,0.32851430649693375,0.2738948658869877,0.6315688513394251,0.4594288978750885,0.5312440324828074,0.4774316505321226,0.6120580775683842,0.510432350920611,0.4454371741058646,0.40104218035322053,0.43889634567517044,0.4653399993744469,0.5234620723566309,0.34001951548336934,0.5369334710441301,0.6111096045127575,0.44399268706331907,0.6292429859746095,0.6254063488009936,0.661736615751062,0.2303412370469078,0.5053650590120966,0.5843061944129534,0.4891526244074644,0.7009149712883597,0.4270150030949062,0.37575834694411875,0.25546037604526145,0.860300187596714,0.38660289507205164,0.65942902621385,0.6679961814772402,0.6827269780558138,0.6961100701586627,0.018646576431605555,0.23727568821987677,0.8759266393039232,0.4236373209920699,0.6317968045796074,0.3663541364212435,0.4985393357544279,0.4859976941835307,0.45482515936616613,0.2585195106993064,0.4825166896791064,0.7162203191390819,0.6787899034019036,0.45177052513527616,0.3632500209010353,0.6012725247423634,0.1277383633933915,0.04824822917165267,0.5196405011434189,0.8123448347356079,0.29625655149472285,0.3313838081098,0.2760446624661248,0.5064347088889568,0.6323386919745526,0.6804016105907991,0.2247969271084495,0.05969324149141725,0.623687747910258,0.5403351850634153,0.4759649375277324,0.6052983672180554,0.8298067212637453
Region_12,0.41557961330493626,0.6852758267928998,0.31548974856099254,0.029508316218615327,0.5111562090667969,0.2524414861567805,0.3893658028336062,0.6416793617221663,0.43053259875939415,0.6081362680545997,0.32966714736281716,0.0,0.7777943969334432,0.16422843887541727,0.4429186654507342,0.07646082231589685,0.6410896271709641,0.7923072482434436,0.4436388968920927,0.8075877504943797,0.3555497246724507,0.7471705132931539,0.8155379985320454,0.45615536589213546,0.5947737176389106,0.5791309045564335,0.6447582872342428,0.22019695013380036,0.5825372835943166,0.418830135557202,0.44394220292825654,0.2904001012101633,0.5673838883175932,0.49219569811444663,0.29941581841678555,0.7688251291287556,0.2050353399923966,0.662354497205518,0.7320435997154535,0.5520923753249469,0.704244286513007,0.3439368125410394,0.49054087864273377,0.5666148791717824,0.6808695756351193,0.7389129135052639,0.2794750635726538,0.47990998554851616,0.4355507558287738,0.536101299696142,0.31347549296488403,0.42503679278879414,0.36173290423169546,0.609414142834653,0.568625247824289,0.7028447982042059,0.5250897072357279,0.5979560695201619,0.40787773096323565,0.4368657159642943,0.45230889801233864,0.7032259678458583,0.5171504993222411,0.48953135771980993,0.5485185727135471,0.4577216802962128,0.42027813214699433,0.48749943130605766,0.4510924460917179,0.5376735113211711,0.5038732076410478,0.7002278185882238,0.43384214060697984,0.28671346773885514,0.37361490424153554,0.5369919216930419,0.6769770079317647,0.6309598381832258,0.27663843124117954,0.3569107595509608,0.49795877827126644,0.7617367591649071,0.5022134164927592,0.4426549383898742,0.2782222444810941,0.14282442453959537,0.4177725374702727,0.527764317513506,0.6097849835195687,0.34330871956429365
Region_13,0.20491440295726376,0.7405780126203824,0.27840954547234326,0.4465219456763288,0.8291651418980028,0.8318734908977057,0.26456247898050067,0.6958996008679161,0.26943967673964253,0.6166043091184814,0.7750320071164221,0.7777943969334432,0.0,0.35821539249655543,0.2518985574307189,0.27953374049746144,0.23038742111678423,0.5143130127911454,0.4471942044226491,0.37617907865521905,0.4383945810031757,0.6732002688408968,0.20422820969382582,0.1996273811553163,0.5068457174677757,0.19538468579430646,0.7370165266882184,0.6482859243355881,0.5218024224477653,0.6041831502874414,0.1630789347590551,0.5547263735781878,0.6938231670392965,0.7140004681379597,0.13633420919262956,0.5857907747551727,0.3130634566337636,0.3812946130894886,0.611670439797817,0.5345191506770235,0.4074399318508649,0.45743764440078266,0.6849570333705579,0.22982537347322807,0.7936332648439551,0.6541146334231921,0.5055041716027999,0.891739836661797,0.6953616715219554,0.4787292900363702,0.21090155599177018,0.45419635183071183,0.39085222374612694,0.6371415705708307,0.07004662956939844,0.2812156511598626,0.020314964207266417,0.48086552105803,0.9169417801670541,0.33886028927234857,0.5761374628225857,0.36277486970019035,0.31936990213262606,0.5012459882662339,0.5724262562311471,0.49546371285302765,0.23958977781899538,0.5280961371417013,0.5499411711468589,0.3301079738386081,0.4842312740067905,0.5741181061449967,0.5312094599576074,0.6452562620220299,0.8356763335586253,0.7179986060949226,0.46823440024367186,0.4875383980053179,0.6580284995481407,0.5858257224870138,0.5115695958654223,0.6479874129824953,0.5820954799013118,0.4982077257719862,0.17226161498316794,0.7552134779359131,0.39013793246601064,0.34224164017201053,0.5900583506982617,0.6062921436081162
Region_14,0.966328652999858,0.3074913138168577,0.2031036006878672,0.20115197833132747,0.2962418286039772,0.41577080395859217,0.34114411561497454,0.7436114727311196,0.4786176425576782,0.9711468131329677,0.6203284525920815,0.16422843887541727,0.35821539249655543,0.0,0.183113535265362,0.3867904196931251,0.40645534165657005,0.4769292538611198,0.4230172743061682,0.56557514591204,0.18498452672021604,0.1753625336222182,0.4907019468674958,0.15634248265418887,0.5331374134365676,0.44085029355882455,0.7268570915355532,0.41733910704313354,0.8726563623816312,0.4909234954332941,0.3321718126745413,0.7222750213614172,0.4034737550840202,0.35950689294312227,0.6541412302195986,0.06301335924683116,0.06277742268616954,0.713196143751496,0.42769316327273543,0.42172910844325096,0.6043234477210069,0.46874105192592935,0.3861221897797002,0.5736987442067777,0.7091450935363184,0.5476946049147837,0.3053666375232838,0.7996089809233524,0.44830643557536665,0.5784864097071639,0.2738123424287845,0.31162678112133013,0.19223374811092436,0.24618675375036975,0.7558988296902498,0.6939670784397809,0.728310845209386,0.5874655292896218,0.19683548936896972,0.46104528101206205,0.14383689829162272,0.4300706404336315,0.4835923781471204,0.6519212111716983,0.7533174136371206,0.471051818334629,0.25302515754313015,0.08127279418752803,0.35375419414354425,0.9180714018771845,0.5739392986929454,0.4937529191226872,0.47133086396326357,0.5782989233813496,0.4505038200718723,0.565725358279981,0.4207418570109474,0.20681164369997534,0.9035553152330682,0.76628252339893,0.5153971048216415,0.7021830381088126,0.6225464391881858,0.3951004319512184,0.5013857859690751,0.0326795045599258,0.18301091425517751,0.4986322751926404,0.8700907561879079,0.5609881293567394
Region_15,0.6124410884867706,0.15574994025826466,0.48282000185615304,0.7888064416197964,0.3333069868752953,0.513284871824588,0.4574130956937706,0.45606743667566785,0.7829721894797455,0.550755502116157,0.769879120623861,0.4429186654507342,0.2518985574307189,0.183113535265362,0.0,0.4743255232285948,0.7131905261588886,0.3994362091487076,0.7684760796459704,0.1460693961242483,0.5340389434769732,0.9078241696768787,0.026892988794504746,0.30224847154577295,0.43016051296987196,0.429150589408447,0.37053846311013977,0.25831885785758035,0.2126663570112694,0.5950890091041632,0.41150243051799934,0.2699746270002046,0.42532397270654515,0.38549971099101027,0.4538664752836811,0.2123023882395746,0.5073350926737443,0.8792809208587176,0.4185331694089309,0.7250463085134982,0.6202782463116425,0.3244115107926583,0.6242232721283449,0.7003560868506193,0.23189137177325764,0.38656992785668776,0.35425059648676294,0.44409493892692775,0.33896439786920046,0.5071780999657376,0.3638468303074847,0.4414110150015753,0.5840660900532191,0.2643398210659897,0.35657787979321337,0.47705577471958877,0.5545552200239531,0.32212397432186723,0.47750561216009507,0.301436356834373,0.8863849014569865,0.5326715201282552,0.3660094455969249,0.4147895187759444,0.8008521587733551,0.292496220755452,0.3887966279433164,0.9578193387076042,0.33704784888050615,0.6278149036547884,0.5577232057076634,0.7760526025206906,0.6976542634544414,0.47463878340167953,0.635129572074133,0.8660304581155194,0.6050938814171476,0.6076434770045096,0.29345184109352784,0.4778674843854778,0.3521055117527965,0.1498563710154932,0.5060423618652041,0.6314458584116134,0.5762135938582587,0.8184994504196437,0.49006546217209523,0.7264823879627911,0.4958588110691534,0.6519402554557294
Region_16,0.8995348590690413,0.15108253472410166,0.32867805781060194,0.9428483042795444,0.7455995624036371,0.7252927343152316,0.7000615516895994,0.45622589585934026,0.6320072755642758,0.4156426522162753,0.8946140906237932,0.07646082231589685,0.27953374049746144,0.3867904196931251,0.4743255232285948,0.0,0.34273454098870376,0.7289119024969566,0.35227652072672155,0.44975840744851603,0.2297791553682348,0.4431941692176673,0.40888373962126745,0.6212963585278979,0.208895385796584,0.06350812861988447,0.423263202660894,0.2836627086453149,0.36253679680552087,0.5291931101602235,0.20431540299772638,0.3200959213310226,0.5757069256083326,0.26315146260550215,0.41242850430988703,0.45638633043161186,0.7242696366856947,0.3945167503550544,0.6895797265564727,0.5765446815537143,0.4900001876063789,0.48611491004711505,0.5882326414139496,0.3451248624266003,0.48549901203645357,0.2428722721788386,0.4764914983538099,0.4818926971284328,0.4812265431450614,0.6354086473404983,0.23272447208299268,0.6129508836050984,0.3859405778470685,0.45597522824968845,0.8402854845433261,0.6350719598639039,0.3395469517360894,0.6985302841506048,0.6154132355656224,0.20966081504826506,0.3090456220858103,0.4446303915740731,0.6750237867927429,0.6999843598538766,0.9601534456989128,0.6371148039247108,0.7614878538325105,0.30786688049682515,0.3823773037195427,0.4003420676035421,0.1185023765879561,0.8732362670752423,0.6228274026088465,0.26966426438663854,0.3857300180423254,0.2803865500887973,0.1489188603933032,0.47323681137536555,0.22778649220357905,0.354310836473123,0.6090560252087502,0.5117281233263602,0.3937308639493289,0.3118640485136192,0.5999035261975317,0.5667822308542755,0.49904782575114004,0.6498347303864622,0.6416139905922091,0.4299187002320191
Region_17,0.3965238958360903,0.8540919126667601,0.5093000227993488,0.5800621226246647,0.5316878136603692,0.7263446039941004,0.6493673345287746,0.5306391572953798,0.47795679823142917,0.520596763396614,0.32078348435401893,0.6410896271709641,0.23038742111678423,0.40645534165657005,0.7131905261588886,0.34273454098870376,0.0,0.3459507271087156,0.37977929197759747,0.6514473119250873,0.2561562258737423,0.521737940078635,0.6447512954371705,0.3531378362129527,0.5916227962169198,0.5174957280070301,0.39156901994039023,0.5403250688651686,0.21195496969817518,0.5738193424659468,0.47771500647346915,0.8732387038257121,0.46990632057482307,0.5009156591079222,0.44904375953688186,0.6768125311659066,0.6996702787220879,0.5461603512693298,0.36849556900222047,0.7867878183912709,0.7685734420874675,0.39486430428199365,0.7856478943059721,0.3908438344620459,0.41692654054883654,0.33094271178898693,0.17078124078906692,0.6520982343569468,0.3056297995267428,0.18870703224772256,0.4861478194331776,0.17149735366617697,0.6804128178153257,0.704929686174951,0.18814853094301992,0.5864639867994902,0.4859859942875488,0.43902779741275816,0.3576260507563871,0.8105652561951773,0.5777057692833382,0.1749656269426958,0.35160449480276446,0.6493526737539723,0.6194997997999281,0.6080682191988482,0.5124543849332697,0.21930490397048996,0.4143889355160372,0.4473764416697843,0.6779826032417722,0.7670690499353829,0.8066471527827112,0.5208532699423112,0.2585156209354763,0.39175804664706926,0.8583718768208963,0.7830433457329222,0.6878742929452273,0.5040936052175597,0.273240412946425,0.44302923653186865,0.5711692051565186,0.6220432943760819,0.4879594822442759,0.4536543652793708,0.35831582869703293,0.6841044868312538,0.2469899298627809,0.6996171315646815
Region_18,0.29163996948028514,0.7513328333489624,0.4182857708642472,0.46670861262483887,0.3695137921417682,0.48756972301237095,0.4098291919327865,0.4201302735979265,0.3659798686778025,0.3093141221765147,0.5266398835166546,0.7923072482434436,0.5143130127911454,0.4769292538611198,0.3994362091487076,0.7289119024969566,0.3459507271087156,0.0,0.2415165624316099,0.6201261455679119,0.8212557305188496,0.3737101156906475,0.030166961682133564,0.15567314713737151,0.5878988517885776,0.5065261089274107,0.7373119127436452,0.29575364735357806,0.5443389318062293,0.5110520606498195,0.39564127250129866,0.1637316456836665,0.555209867122167,0.37960821234576464,0.4958649622504092,0.7123481139097643,0.2046339381917639,0.4947747464032191,0.4967621898138483,0.2628108153678459,0.6153001459582819,0.7123259833768079,0.38779292478240884,0.4460398090535705,0.7896926175271093,0.3633418629135641,0.36882544964772873,0.5527336879073208,0.6504301871389493,0.15231246380522145,0.5707049698380271,0.2721424534179687,0.5117753721498757,0.9459236513163609,0.8430913326824627,0.647673292934859,0.0582061142266892,0.29442589681500475,0.6973182270455687,0.5238819746588195,0.6275030285596517,0.7736783491700566,0.4021665858553862,0.47730610626220504,0.6167877351669528,0.5219852325463197,0.7887005245898291,0.13554737587501864,0.8335306616476894,0.3657378843818745,0.2122439131380066,0.43284420579281596,0.2892738549607852,0.3192053680166356,0.5978569925783055,0.12901475505743892,0.2873955649136021,0.3460962072340427,0.1415342521436756,0.4459783713961554,0.1532489524495773,0.6696657622795597,0.8163986308068658,0.563153823890353,0.33641782473931475,0.5755407070901477,0.36471279802785295,0.43918576894036493,0.623750996280245,0.6949395189022141
Region_19,0.47244968286459055,0.15011740204705382,0.7868576400277545,0.6372584025750014,0.5297878512338965,0.3726117671193457,0.739430202195956,0.6467072642358872,0.3715771135909214,0.343175902997403,0.29261482743707645,0.4436388968920927,0.4471942044226491,0.4230172743061682,0.7684760796459704,0.35227652072672155,0.37977929197759747,0.2415165624316099,0.0,0.49847714991484704,0.8114015169654912,0.293059360014777,0.20093550654121367,0.5373477327222151,0.6457779760431586,0.6316920394961536,0.8529490920208846,0.1539095003966664,0.41457293562116004,0.64709741051326,0.6501634713956244,0.7450028787518517,0.6580715222025368,0.1443173765507182,0.2386917180213236,0.486032064160906,0.6251968652203657,0.6113392800937041,0.5740106153799105,0.15561556114609099,0.6225997629707368,0.818873140380316,0.773514704955288,0.6271129930419989,0.23914997124677417,0.24866936289281127,0.558170885656375,0.04671641994414094,0.2703321635970628,0.6717047085292769,0.6463591040555395,0.2559616096398315,0.4141361720971744,0.5416383306605046,0.33705570002826657,0.445935482800155,0.3001468390117099,0.805671070668403,0.7699604684357275,0.3613943127401022,0.3773389356082808,0.09408846286985312,0.8719415814382976,0.5587614076280982,0.561049941731798,0.48083897971133965,0.36474720366678814,0.3788811574541896,0.43702997921221615,0.7691989554533626,0.4688744837380803,0.2206533865865652,0.9388444155664117,0.2950066850496888,0.6367854532444202,0.7734060128767475,0.47517221740504284,0.4659328067801771,0.22619029948373764,0.3264422493081539,0.46667946426367046,0.44664920292134014,0.3991747988089679,0.5572191241872467,0.5350143150571574,0.594138760645183,0.3026956098303721,0.24340757296055454,0.23899757903564733,0.7043677184840229
Region_20,0.5076983959168797,0.5993392475270891,0.8635732281601083,0.5800559483040711,0.5725675271595512,0.5913415610051664,0.5276997721795718,0.23250665084655997,0.6661724899423997,0.363346203389748,0.5651610090846947,0.8075877504943797,0.37617907865521905,0.56557514591204,0.1460693961242483,0.44975840744851603,0.6514473119250873,0.6201261455679119,0.49847714991484704,0.0,0.642443089625029,0.6186722861358271,0.48122554693764574,0.44286840381309034,0.3217213294083752,0.5663318422903982,0.3526623635567472,0.5488655580373498,0.6969634525984829,0.4548818245372323,0.8718902123109644,0.6708773691190912,0.6691210211226553,0.8636757454286089,0.22297931775816754,0.5636073519821363,0.3851132436189825,0.6386524291856628,0.9108370176832306,0.7884971780262909,0.9087729471814301,0.8809870615101509,0.29093073478249903,0.3857527063442701,0.33002699149079007,0.25492648482867086,0.27308712255564094,0.5305983931705442,0.5377999215189564,0.6882486166664492,0.46225244403946064,0.8028148108759419,0.47837699848360543,0.5521671300767585,0.7118973323507192,0.47293461329126407,0.9424460207836822,0.28556757216715817,0.6086101360230134,0.8239861346049581,0.2720936109015401,0.6120786031944223,0.597078087483742,0.7200635358769806,0.5527934063416859,0.2619761939524304,0.8470526458803022,0.4673043349751123,0.3068403525294051,0.44248303989834237,0.4383179601803056,0.5557496993342614,0.8236079304959727,0.42804256822580994,0.7356819985576661,0.987162378103206,0.377883242113921,0.6878264891270016,0.25663504622483574,0.12823281364396977,0.3191906176704515,0.20175902878443341,0.7853722762786333,0.8407672841909,0.30080456416688434,0.12592566629441992,0.46437516875963414,0.6776369506875259,0.1993371804667513,0.495177299624245
Region_21,0.6728964305078984,0.5646294669115206,0.45817171336686546,0.5046243867109661,0.2872623885946978,0.5763307957599271,0.6290267509207381,0.458115358569263,0.30238292830422037,0.4684661479951414,0.6128576960279364,0.3555497246724507,0.4383945810031757,0.18498452672021604,0.5340389434769732,0.2297791553682348,0.2561562258737423,0.8212557305188496,0.8114015169654912,0.642443089625029,0.0,0.5281819880772698,0.7720755371473185,0.5431316244136599,0.5964170815461797,0.47417772557509946,0.509020213901279,0.5255849222305911,0.70036813777571,0.4172963731082555,0.2774407724753439,0.171079361655452,0.644965883833284,0.9270466414387828,0.5234469956516448,0.3441705802408343,0.26787872882217,0.5661056178143472,0.34697036333331405,0.46641705190356086,0.7845810525155895,0.8069845568539912,0.07803536315048604,0.7479819057448875,0.27672540719165556,0.3551115097194146,0.5146614385588788,0.41099324369357737,0.43774254258662554,0.7504015890689679,0.21562652663786014,0.5007078180366031,0.476495522232238,0.39259609106949717,0.6420978093289986,0.8358406067656006,0.832458890505547,0.41459099862042764,0.3802295044440382,0.6104770497321808,0.5442115341188571,0.4724828879625785,0.52478616209781,0.8862357751858267,0.5599763823091785,0.9053136568101545,0.4545576580769119,0.44352107912440636,0.5529125135317594,0.3006415294660153,0.7655488919412744,0.5967561148506385,0.4286953128451222,0.3666912574602284,0.4195818569356131,0.1569666217165861,0.23377187921584147,0.3727772922332762,0.7874578243560346,0.17633489892129195,0.415507485589224,0.4472807404404348,0.21384724275670447,0.5546406827957486,0.7386516844178835,0.790376246455419,0.39595931464720907,0.5193972583570885,0.2666210389406913,0.4313485861212885
Region_22,0.2987415964389895,0.8470150814068016,0.29484441422352387,0.6516279430152953,0.26180765873463796,0.32473357482935744,0.1852394347290756,0.47954997405067284,0.1904439745685237,0.3905274950312218,0.4937439148010472,0.7471705132931539,0.6732002688408968,0.1753625336222182,0.9078241696768787,0.4431941692176673,0.521737940078635,0.3737101156906475,0.293059360014777,0.6186722861358271,0.5281819880772698,0.0,0.24797046342419526,0.5399980118928216,0.9633644863331432,0.17520391554164816,0.5292384595682496,0.4147752118229372,0.5227815455187055,0.5080665500190138,0.3898993043973316,0.6045725701705801,0.6081315262084617,0.4031727490804067,0.2014817367564718,0.11078782309255159,0.26046961743918623,0.2688882448009519,0.37296680758378636,0.5996347911216838,0.6860806181983755,0.6747649017647612,0.4370134168661473,0.40257078770162963,0.12999487686748645,0.6199213686175056,0.5834983062766224,0.6755516058187345,0.44238009750406715,0.5891118421459083,0.5346472216861312,0.42670638140532746,0.22197111775634792,0.7754977845146598,0.29650432090528367,0.4342811194830668,0.44987543612229125,0.6181320815650863,0.5441111770931917,0.786688490556378,0.6830662615408666,0.26179334813472593,0.3172279912005754,0.5513863996726284,0.4680853683630672,0.2482726603149129,0.2505928976501831,0.5302578848695176,0.6240596994161105,0.5923230503971952,0.5812960676364378,0.12527415017268972,0.27357309152980264,0.45452040787953263,0.4429796849539482,0.8855777535951308,0.1756790973547846,0.6655781699128958,0.6971143862520164,0.14236400662366216,0.5437953949457349,0.7394078206069112,0.46257335328742605,0.9195281980157175,0.5863931466509015,0.679238184761843,0.7725702298487345,0.8637480790345877,0.11364910223705688,0.8471637742388158
