,Region_1,Region_2,Region_3,Region_4,Region_5,Region_6,Region_7,Region_8,Region_9,Region_10,Region_11,Region_12,Region_13,Region_14,Region_15,Region_16,Region_17,Region_18,Region_19,Region_20,Region_21,Region_22,Region_23,Region_24,Region_25,Region_26,Region_27,Region_28,Region_29,Region_30,Region_31,Region_32,Region_33,Region_34,Region_35,Region_36,Region_37,Region_38,Region_39,Region_40,Region_41,Region_42,Region_43,Region_44,Region_45,Region_46,Region_47,Region_48,Region_49,Region_50,Region_51,Region_52,Region_53,Region_54,Region_55,Region_56,Region_57,Region_58,Region_59,Region_60,Region_61,Region_62,Region_63,Region_64,Region_65,Region_66,Region_67,Region_68,Region_69,Region_70,Region_71,Region_72,Region_73,Region_74,Region_75,Region_76,Region_77,Region_78,Region_79,Region_80,Region_81,Region_82,Region_83,Region_84,Region_85,Region_86,Region_87,Region_88,Region_89,Region_90
Region_1,0.0,0.5257925947224891,0.2902702311253201,0.31628134152190646,0.8335675378110283,0.47207535924487704,0.8116359659991865,0.38451980951209286,0.5561527951174949,0.35655388187403736,0.5039151799885693,0.46096744185797983,0.4011078508921581,0.6467519820757828,0.6354660131437528,0.636330469770684,0.8254395864880316,0.4641821868010615,0.09028580706914369,0.2195359984003698,0.7123613908637408,0.6091096835810409,0.6573064754236088,0.3377133866831903,0.6686618730407138,0.7603439791833093,0.6887325396539501,0.39834749139990827,0.7698884905863269,0.28584321826200015,0.5863444379613033,0.4310720703905406,0.5090324959847324,0.5123159691897972,0.4416707375305609,0.6324962080504397,0.2469845634180926,0.32845442776805783,0.5301495990665124,0.3107382047725375,0.49082302198936295,0.2017338183296281,0.6455107118866301,0.3400899240434206,0.31285499613174755,0.8570612522100503,0.2266425065373056,0.44195533759403977,0.3719549957667021,0.45742238667813495,0.7010322163102277,0.4425668422253987,0.6828775195359843,0.506103676996114,0.2931418636671321,0.32855192927306154,0.4419288967165199,0.23002576372041234,0.6460831044781283,0.7201544231179289,0.5010480535256499,0.5630610638946413,0.17123151598353198,0.5167991907316839,0.5752198268024207,0.6240979069599564,0.13162839766232826,0.5670698583618332,0.39460122737574177,0.3288227796034824,0.6572863054488569,0.938032176022308,0.7144802124252584,0.2859566160547861,0.49133243018377176,0.72023618477919,0.3033641393475756,0.8326775850586268,0.11485543950973404,0.5786795134219651,0.6388329016421781,0.5488274901766674,0.4986652150522971,0.4818994275001979,0.9539046726633957,0.6249907818849827,0.6290298910659371,0.3214908168470992,0.5943931426617639,0.46389033630216114
Region_2,0.5257925947224891,0.0,0.5236607727076229,0.7749045812563038,0.5460846014110556,0.2430348620228558,0.9418421061868707,0.8603351655291003,0.5779759324067828,0.8704369857528063,0.8495163224267273,0.5746673230725117,0.7239585415876177,0.5954156937326935,0.6839396356025282,0.7231357132409209,0.2457195053098446,0.5470050834695681,0.6626731848299547,0.31491720130820056,0.3780871507098966,0.5655405561250975,0.6254670972252234,0.5234988356468953,0.5803985615068594,0.7918559733320777,0.5578273997472198,0.5344336504764646,0.29413034958182477,0.4300334497219394,0.7858428383865399,0.4386122575587767,0.321077300095607,0.45556917802521524,0.8918387701804137,0.11240310290683525,0.6015709548983668,0.48675254147206304,0.27313196344444335,0.4466204352226388,0.4124382872346534,0.47153427908552065,0.7261512998686876,0.7395741380378816,0.4920825185443149,0.38476386301081333,0.4675579187744636,0.6092679376067018,0.6347352690609995,0.47988931249472055,0.1531004845120048,0.5026863462586227,0.27922489663498173,0.314080822992454,0.30663802491609987,0.022694415977635884,0.7551070740253022,0.374313040169347,0.776558345137677,0.4865391158205941,0.20762582087258502,0.4133057338764887,0.5850011296493423,0.21373802511881346,0.5075745058998232,0.21046464647819513,0.7626378250986866,0.2045699840871389,0.7899826015830691,0.3184128196900861,0.8836397589373046,0.5396979143213276,0.8951219549806446,0.5580016554297603,0.6308518720105989,0.2721479780700935,0.2630426521517362,0.6441758116418386,0.17720142753597323,0.7224145553167421,0.5163650753211309,0.36781009493134864,0.37636404503553905,0.7040195098407589,0.44039434927974774,0.46529908220543115,0.5024262714723877,0.7642538662408429,0.46074174524337386,0.20624901270810891
Region_3,0.2902702311253201,0.5236607727076229,0.0,0.40938546079674965,0.7962204647969742,0.6909546656513358,0.6658025222983714,0.6984254157300875,0.41390349841447593,0.29051481569772375,0.4164642315402777,0.794324444965834,0.21043844414772656,0.7702783880604767,0.9140281896859488,0.8476865368546818,0.587930776729493,0.2661965750926403,0.17017362032442523,0.9127409837683307,0.3687220954110918,0.3720144685861173,0.693034526035657,0.5198945562949967,0.526982822015714,0.8440504162824841,0.7840992499263928,0.2231750975842154,0.33524776158497027,0.4426669586740726,0.25906743160129336,0.4769902478177032,0.30881068162202724,0.6323682649851607,0.5723803212076162,0.5430517896491678,0.4030138819071566,0.4232864168054712,0.3442520868652594,0.5802161018807175,0.855009370603568,0.2450621681586973,0.537770716065507,0.2789140175423431,0.3571360247847215,0.48330782552648904,0.26765708451776693,0.5283159520341894,0.4273618576171017,0.42531384961591084,0.854966175723806,0.2784199980771772,0.5656600974273097,0.33089176338921683,0.47187808654490493,0.6569686515034798,0.7354420829259356,0.31113822254234014,0.1938427521408076,0.3290232041417649,0.27710602182441824,0.27722239027888107,0.604830509207766,0.44683478327412773,0.42209652469424125,0.15813308080002797,0.2705177699516185,0.41387160926569705,0.21517854255214508,0.5698313859707957,0.6114712411571588,0.5798840633198916,0.30703055101935295,0.2114925944725652,0.5309211247051122,0.11932844181349961,0.6510738739490576,0.4759563172384741,0.45639223876360385,0.7234953011996227,0.7650980751535648,0.3392892399260153,0.3972416359009718,0.34377316417425174,0.7155208791563508,0.5884056351361919,0.4150391949032167,0.3077828107624006,0.441430518698724,0.8683765161026055
Region_4,0.31628134152190646,0.7749045812563038,0.40938546079674965,0.0,0.13390222845771588,0.19137540221717264,0.8576624842521028,0.6690217838346879,0.4302261516997308,0.7086798627016615,0.6445597928087354,0.25756302017741783,0.6812599394490948,0.8380648310670842,0.3301612730500754,0.3506278034032256,0.3470210935855808,0.5266251493510755,0.5251400680803728,0.44167036797445497,0.49630222301279225,0.4097053865510248,0.3415875928421649,0.7213228576576569,0.4868991889905458,0.48372048716201804,0.22802702393150115,0.19968731066122836,0.5043957856919987,0.7777214883870405,0.7390093943214495,0.7266882823094934,0.06801144013208277,0.7941997092530253,0.6591947119165513,0.6435016070786392,0.34072813840622734,0.48465342141931467,0.2693982679813459,0.3679942953689123,0.9429172437994391,0.2727078524634696,0.5602714519446874,0.42409656145232305,0.4113756090207166,0.7773972926237256,0.3166936156100859,0.5206951035034746,0.3142810648600353,0.5691059017930726,0.3378821223625778,0.5220046279537665,0.669458094797868,0.7487012597791027,0.47268257995785207,0.6403175788536837,0.5194746854460124,0.4802505433769152,0.6196868008875592,0.44622138647490317,0.7520655846079283,0.777954577356204,0.27776326811067203,0.8697462078399396,0.7773945624399761,0.1816098367376318,0.5488832004243909,0.6008340103331757,0.6851648499465147,0.6219425943658573,0.6885870364144062,0.8115826599886191,0.45299047426716815,0.5539839803479175,0.1979812591148173,0.4402227468300821,0.3090166050623546,0.6246094017261129,0.7413131975462703,0.5032883183470924,0.7185428947826781,0.4979974931527339,0.900761182987514,0.7090822340163079,0.5925374980967475,0.5849406472682404,0.40628672784422726,0.39987252643196897,0.4501073951304398,0.528810106372312
Region_5,0.8335675378110283,0.5460846014110556,0.7962204647969742,0.13390222845771588,0.0,0.6470617935036802,0.2219578606469731,0.14838824928867994,0.8253641541110884,0.3956067099315485,0.4552586450063113,0.3907061681094288,0.3122198770942881,0.46844591529472224,0.7595806500296673,0.4243060971408188,0.4926894805908451,0.70934073643386,0.7407312331133951,0.6917279961429028,0.46213423184146696,0.639985079278544,0.6570208665880692,0.3036436651881356,0.781277294322378,0.10279546116343857,0.7012901562722123,0.69528132191117,0.5071263620641819,0.5771309645694294,0.5817958330354158,0.34352592717250247,0.22663467170791635,0.31457993358016384,0.45901412348335274,0.4582648326421785,0.41118746715921445,0.6243101374809966,0.865629638790542,0.44423461912624906,0.7998350943095441,0.3326807196071801,0.4613093797224198,0.8070098448292348,0.4800926005506927,0.5097637048507881,0.8801416694915121,0.44090884249564605,0.6722978921092668,0.5400268565908879,0.40261013737875095,0.5448846050773388,0.6604464710591933,0.7794988784074448,0.20924643425469946,0.7026374790176908,0.49312559161184,0.6006612615234739,0.6139863783561081,0.41814089262812326,0.810285055790182,0.33296547152484407,0.3855608968558874,0.5675085153030486,0.7231273334774951,0.5571371163132509,0.314415136961593,0.786198348763472,0.0748512605671478,0.856249419936038,0.607206966678278,0.6740877050925504,0.12622971482345952,0.8081757714667532,0.31274508032370224,0.5431355330602785,0.2264933659039175,0.26262690652102516,0.4829683880338284,0.3923536797683806,0.6855754430892942,0.5048672310022316,0.79661712763891,0.5680582465261199,0.5394699385808495,0.5115039271824685,0.7023101713539707,0.5917168147406688,0.44677809518013395,0.501543037242127
Region_6,0.47207535924487704,0.2430348620228558,0.6909546656513358,0.19137540221717264,0.6470617935036802,0.0,0.19791434363128224,0.3443676753452533,0.5619065442735474,0.4730845993110704,0.5490177143948097,0.5060480249075294,0.6870511946797119,0.5065889150391838,0.6092636004984383,0.5067646925887329,0.35209411175824984,0.7440930756777075,0.21035873981194902,0.3076276814935667,0.21336165227209736,0.4400209667676513,0.22044382164814585,0.49282770732779296,0.7508043181592008,0.7833572699400659,0.7407454283318313,0.510695886409303,0.37504840695776,0.38327479463322184,0.6843858991382008,0.6473200235845366,0.5811626790634146,0.6734073878096539,0.6208904047320444,0.7732091026252847,0.09653339995157534,0.6371647548912387,0.7581450289178189,0.656046205103918,0.5443349100291422,0.21966233976065103,0.8066254679266547,0.5854118952689347,0.43441902123803067,0.6230927871276314,0.5505130825960276,0.39128488465896066,0.2958153210737615,0.5177219767126,0.5407069609952678,0.6604324626241836,0.17340794491759776,0.5990998544912357,0.7126087593202163,0.6075212987917893,0.9046167251651276,0.7506101836202179,0.4362093232347608,0.5476448760359902,0.5748048448668843,0.40473575519888993,0.45072812323822997,0.47171752572361275,0.8721868896974191,0.5571338578843008,0.7170081491824847,0.573976937439876,0.7041864854728985,0.8060553613314869,0.3047522363926685,0.03834477975390632,0.3944367619256553,0.031172011498263374,0.7099845708117545,0.8643367312898098,0.22386170885658058,0.37253044611079267,0.6600533221534404,0.3614933322833125,0.2826317532445679,0.46488102393972064,0.7224205389681699,0.5156905150117869,0.3963729250875478,0.4832382966991653,0.48190503380718946,0.6809443153986559,0.22446560283629285,0.8017638410279226
Region_7,0.8116359659991865,0.9418421061868707,0.6658025222983714,0.8576624842521028,0.2219578606469731,0.19791434363128224,0.0,0.5735227629123228,0.5572530710658646,0.3598621132466199,0.6274287433051016,0.31868334488342037,0.46320695276316687,0.34815648613676003,0.840298600635432,0.3468538474276509,0.3604975078329951,0.46965669920134867,0.2860108286981493,0.4213776632000683,0.1913470578780303,0.36689443256935633,0.7561569090387184,0.16826281271484195,0.5997147869396636,0.4987533169953368,0.21164076157928624,0.40338922831842944,0.36006128886763844,0.392982403304524,0.5948246981585794,0.1539271454205045,0.4179656259133522,0.7517429653712764,0.333602969691207,0.4538325055306539,0.3930699101419231,0.4193538970263075,0.3346933485056398,0.2819166967486761,0.48326728956018344,0.37701443989156547,0.4788427445064542,0.745990032365745,0.3776576479822119,0.6600009433097253,0.30067235206273585,0.3727841863821572,0.38828928416734754,0.29309898432512094,0.4012289616200846,0.7706505763220328,0.821252586140196,0.5224500264078606,0.37900445015561907,0.4083423707086396,0.43804484666292737,0.7846538901066403,0.4370314761388414,0.8205073934550118,0.7671924882447372,0.886654571654796,0.32563155010521466,0.43275138075584435,0.5934337567279901,0.8465349620982514,0.5138510878412687,0.44276688224848115,0.47952520697511875,0.1764089849509558,0.21092181554458617,0.31995536410056596,0.24276390059607805,0.41358560033328706,0.4649935003015939,0.4564107165349479,0.5055557116804736,0.5886549222762918,0.424201918884806,0.8451014293834309,0.7847506171401759,0.6749062084029752,0.5462199375347747,0.19965253381677128,0.2684306092691943,0.3424732068561884,0.05690208353712173,0.2142017449002886,0.3106170354277516,0.9799700719180402
Region_8,0.38451980951209286,0.8603351655291003,0.6984254157300875,0.6690217838346879,0.14838824928867994,0.3443676753452533,0.5735227629123228,0.0,0.3818969437585206,0.3138018122611039,0.34342269390853464,0.5036607397644961,0.24181709434929255,0.18883768352115726,0.8498296427089767,0.6577339013852743,0.3773009629795194,0.8680776561673844,0.7423786489391395,0.7001483137953741,0.36888508868736075,0.21924208540640683,0.5410652479424747,0.2977682546144435,0.38616795210236515,0.6346931717367721,0.4801430625103124,0.8350885181788013,0.3504679504842497,0.45235260069261923,0.8644091117339034,0.5040228098006029,0.40768270146000685,0.5265291870713146,0.09386677700220114,0.7675813289091517,0.5506508561380159,0.3839345431746353,0.5483413345873436,0.09726345679662679,0.8365521636681585,0.6387480677549524,0.3660991276593368,0.6749203013376168,0.874672803110692,0.7887143072256911,0.4000686444417968,0.6744783904017397,0.9131785073663792,0.43015765283484597,0.18552393531139544,0.4473118021030042,0.3926575092893028,0.2666349497407289,0.8780505130664314,0.28428449770330816,0.708016116674977,0.1878460897015189,0.6264060854441817,0.25056399678091407,0.5429393388571262,0.8540496109520561,0.41667309598557917,0.4400424226682533,0.3616640356440263,0.306582646035401,0.3114141219724988,0.3417394180617779,0.5805305481925374,0.9167044441023431,0.3143567134551753,0.42314396986005864,0.6236744904277898,0.41638863482340116,0.5778041613828147,0.3554119946141806,0.5064590213873963,0.7064223793585878,0.573183192519998,0.4532655380036343,0.23053276856003202,0.24255858033629207,0.46670887952921436,0.9787576052265758,0.09650748717367869,0.1087551916924196,0.3417028346521833,0.37161201270080974,0.8045415442665709,0.52312241480116
Region_9,0.5561527951174949,0.5779759324067828,0.41390349841447593,0.4302261516997308,0.8253641541110884,0.5619065442735474,0.5572530710658646,0.3818969437585206,0.0,0.4150502115908606,0.5946207461775196,0.6044258114945449,0.5543300312225499,0.27430574293234705,0.036439353275732445,0.0889366892038046,0.21350454667441604,0.43424678385725796,0.6506812061520963,0.5910133255413988,0.3418923728184859,0.3342878400087216,0.5711098718435816,0.7215274505866844,0.4854745400056616,0.5380258578565851,0.2348239604375299,0.43965893372448284,0.17868684428716158,0.4423907917226182,0.6122162892095242,0.46982622617060277,0.5984569594682397,0.8403764429367313,0.5301527688354994,0.564072441083338,0.45248712977793726,0.5335779506733296,0.5958100652136326,0.41603539767558456,0.5178319174772346,0.25353818214550333,0.4340901033389996,0.14448089124721913,0.5347383860329051,0.8589468840258982,0.4046373294084147,0.2671652884749334,0.23887453484613663,0.49828838581017704,0.456794925696133,0.5257402112703135,0.7370478353294654,0.42582132524706073,0.5089927748257276,0.4625684278856499,0.4730403115777013,0.5126425549674909,0.21178185032836894,0.39983777977577734,0.2424544880718869,0.19568046818783108,0.03489153240520121,0.7702481576463174,0.5859148279362345,0.5729996051595241,0.24528139743389982,0.7661182939025539,0.35650208683588147,0.4397447656824243,0.6021480067104481,0.4204716085203882,0.3322751191576158,0.458769725270588,0.549619371405137,0.25398202524444546,0.9192411307216017,0.18435843363337417,0.2639599454829396,0.3403183408979133,0.7212987170425817,0.12225132435807534,0.5776342699335306,0.8949657263639044,0.6789064293581427,0.7352990980047784,0.37229684779299194,0.5987463756528746,0.8673686284262734,0.6185163856161928
Region_10,0.35655388187403736,0.8704369857528063,0.29051481569772375,0.7086798627016615,0.3956067099315485,0.4730845993110704,0.3598621132466199,0.3138018122611039,0.4150502115908606,0.0,0.5764317437157532,0.5103875028382021,0.5771755696641778,0.4050585667728606,0.3334903832351405,0.5940210156446737,0.3450356612377929,0.48974244663100747,0.640847470929343,0.20724546552671053,0.297767065575525,0.4503130631790313,0.2783306121663085,0.6050691889707275,0.26430187539557237,0.5680416929511916,0.3462860771380041,0.470489082322096,0.2662475751729521,0.23372289463195617,0.7677004761275905,0.7769683547215479,0.8522501736559267,0.6044674212620775,0.8225212597504965,0.48003941655790094,0.5521210474530551,0.5928585337722745,0.6518916109127064,0.3707229883694139,0.6585002973010053,0.6890460760423394,0.42104430470422516,0.37850684368743687,0.021372905048504087,0.6466574052774989,0.47479319505155043,0.8338772561454862,0.047647787098901495,0.6071161870807982,0.5678177185498936,0.6327527154445014,0.5020746559578,0.5468424860533581,0.427153453054877,0.5940939064310584,0.502765545321842,0.5590429670478414,0.6042976002594396,0.5417974741236231,0.3475287841160794,0.3700450173031783,0.49651244200008143,0.41551711390490775,0.3779699821311123,0.47333786155169016,0.4964539143202895,0.2637025187397588,0.7325993134581299,0.7930367841890742,0.48258794984310144,0.5652306363379913,0.11581981050125073,0.6387914499145797,0.22145693157941837,0.8682860584997016,0.5637733871527186,0.21236954887902182,0.49169560262085427,0.3607449647323214,0.35348694387366164,0.9705501520937133,0.6473731644517361,0.46507259974131954,0.09674438456759316,0.18531083339539545,0.3755896714639535,0.5918754041169907,0.3036523232954337,0.32512908043510075
Region_11,0.5039151799885693,0.8495163224267273,0.4164642315402777,0.6445597928087354,0.4552586450063113,0.5490177143948097,0.6274287433051016,0.34342269390853464,0.5946207461775196,0.5764317437157532,0.0,0.17782170600608016,0.5543125356340652,0.49877976737218493,0.21371369233829046,0.2850194858087319,0.4810773212309426,0.4829636385168858,0.45633359718675787,0.6738842895907096,0.10482865878355685,0.26878065055048683,0.3048185445217307,0.7555814442796643,0.37043061993983584,0.6080636027282149,0.40197836950872845,0.9060121078750141,0.48834196844209027,0.6095563773599415,0.5303131651476167,0.5746253531849675,0.6867315532139615,0.8731476793241306,0.47192073366629816,0.512566803995566,0.8522901427232052,0.5665313922669524,0.3599973048969146,0.45947857458860564,0.4096855641536641,0.4620180881656566,0.6740875818116927,0.5452144702819428,0.5511686701890262,0.4629917102668161,0.125580747433017,0.242713015367432,0.22995526054839982,0.4321574410607698,0.550234235692742,0.5304752799882252,0.39259706990306137,0.5373633055755809,0.49484935174523176,0.7146119717913524,0.3798835016802034,0.703618751515746,0.2556745786941286,0.4627351145675816,0.32302982602246877,0.8052922293191339,0.41894331821151515,0.21962128425841215,0.5019854582594461,0.734188674167557,0.6299698403466729,0.5256281038944759,0.27096747850870095,0.3170958397664196,0.9394518163984753,0.8831646087360043,0.6646000629930655,0.5188802753629864,0.6152930515734076,0.31089151933730624,0.42214362895532404,0.27152217508928306,0.5343833163492011,0.6610877177250069,0.7998786078264497,0.7080857621694252,0.46740565524698036,0.6819416643210853,0.4057469347461037,0.3069854104029247,0.43020260865434584,0.4706963539805307,0.3921004223676585,0.5259101475352397
Region_12,0.46096744185797983,0.5746673230725117,0.794324444965834,0.25756302017741783,0.3907061681094288,0.5060480249075294,0.31868334488342037,0.5036607397644961,0.6044258114945449,0.5103875028382021,0.17782170600608016,0.0,0.6415789744296831,0.6558378012873549,0.4319479232147729,0.8497278378108912,0.1920710383238387,0.5184301659682162,0.39199675395952843,0.23332107040093936,0.5523526709507256,0.8813614296336195,0.44421968278460805,0.47147957254978323,0.5590855371162765,0.6205040488646629,0.42865915637053403,0.6127927706980938,0.5390645456264396,0.34475715649875993,0.2953975263406988,0.15226807120218006,0.31143667503272005,0.43358469414287104,0.4239748483178118,0.07131295737943455,0.2611368260346002,0.28355023108730226,0.5548260165226507,0.6787409383634078,0.682154519624356,0.33287104634066816,0.26667818216702827,0.8025668103797907,0.47335336901195235,0.5477464190595362,0.416574538367149,0.6614505533994618,0.2669581341430514,0.5036802647926857,0.9178548525173797,0.46385349113750535,0.29325080484140187,0.33392833425524904,0.5972382009771238,0.4261809228068363,0.5083909323704237,0.5415138938624362,0.13946328264626323,0.3731977600143334,0.7281330222828455,0.8775090835516584,0.318198735268024,0.4671193101850986,0.10967662070108314,0.26581435286870336,0.2642114782869895,0.4926956107428018,0.5339254132275493,0.864138776748516,0.27190986990346655,0.36433111138584384,0.10457860733682373,0.3621943070006296,0.26588230508764943,0.5102693648148173,0.6645005626719194,0.4292586852962181,0.41327733305033126,0.6184658046274732,0.4298207695806573,0.29124986498231603,0.35924218185350304,0.5155457881592458,0.4673533055301533,0.3370652787763078,0.3615802722911015,0.5457563656194548,0.2532282458475339,0.26386315946930244
Region_13,0.4011078508921581,0.7239585415876177,0.21043844414772656,0.6812599394490948,0.3122198770942881,0.6870511946797119,0.46320695276316687,0.24181709434929255,0.5543300312225499,0.5771755696641778,0.5543125356340652,0.6415789744296831,0.0,0.4078939634202567,0.6441092330101131,0.8485511600309645,0.6345363568342515,0.6984136913802337,0.5932701548677382,0.681310536903512,0.45015244790520886,0.35866493490774126,0.8662379631714241,0.5205870003344546,0.41463939091056384,0.16050050733956173,0.15249029738907582,0.6265943831426972,0.7683773041980717,0.050729667140515244,0.16576867119000582,0.6984857084420766,0.26402478744808755,0.22719167269099688,0.6906250035564055,0.2854508251428118,0.46643173422527695,0.6315204473689294,0.4379661634864926,0.5291895499389541,0.7127801685899402,0.5688546691076726,0.35693234392939027,0.6377787464707892,0.26483038326095126,0.8159114976114112,0.3777324551735322,0.40217768461560777,0.5941877838532967,0.761802472594959,0.658861194930076,0.22929531498238126,0.4319922817363516,0.6029766729123844,0.3312542087015645,0.825533185317056,0.5805981881016419,0.6040096161820767,0.37815602872793624,0.3275983588272136,0.24875976840272246,0.5558396870601032,0.20640031340675802,0.714535707200395,0.40447702018946957,0.5775044856289209,0.472221927663744,0.5623879347495597,0.7567937644541745,0.5986860675962817,0.7246836672790169,0.37444145467089796,0.11827115347478445,0.4691015833012848,0.5385619354935738,0.9622330090226995,0.36980434268560464,0.4886933532896778,0.6183964443916286,0.3387915552207352,0.4052224757144474,0.3186382129414234,0.5609801494171063,0.535394314652206,0.3978038147130462,0.2899009461159237,0.5139678994553738,0.20680212325550323,0.21528223378946948,0.4159988244450994
Region_14,0.6467519820757828,0.5954156937326935,0.7702783880604767,0.8380648310670842,0.46844591529472224,0.5065889150391838,0.34815648613676003,0.18883768352115726,0.27430574293234705,0.4050585667728606,0.49877976737218493,0.6558378012873549,0.4078939634202567,0.0,0.12867524579991801,0.24720556313350234,0.8160884452207793,0.7085935266507964,0.2986849322391946,0.3239441499327426,0.6035392635017263,0.5494139568441239,0.6815542318445373,0.6130291706270206,0.37045815022471434,0.669058978148505,0.8632834135848808,0.6786876091431517,0.5929961791034827,0.5430534932242594,0.7759988693635643,0.6449334412171784,0.7538619409300058,0.5589832133357173,0.5318270861415357,0.5558308576179589,0.6086994374826746,0.38430174007785267,0.3037088707669475,0.5043665866705895,0.6176776120447247,0.2000080306655756,0.44843110806137587,0.5206516139759934,0.3120644246939635,0.5511544568270634,0.7701304632792898,0.5114622092875338,0.5227233465359626,0.15374325424759716,0.4760504574398521,0.9374563588840918,0.39211824303555975,0.2951704860436241,0.5512344177312364,0.4931760933209132,0.2858436669883681,0.09488348060260221,0.9546675504083951,0.6224040735752776,0.3613744948340964,0.8682959104968074,0.38126193197843367,0.6776068841301266,0.7299782394023053,0.3530864593369942,0.49413130628785196,0.3484597571405354,0.15679297891893046,0.6300332978821612,0.5981370156694437,0.47771521668072164,0.8077909149483598,0.8296616132823447,0.9722041660183786,0.7179236873167337,0.8257473038407297,0.484502681464998,0.36969086952476266,0.2887116863737492,0.288725946979389,0.2447625214780087,0.6833795507558581,0.7314587576666776,0.6291784551636317,0.5374505909128152,0.38660860450064155,0.4375799962706399,0.4387184937716438,0.5424405109688968
Region_15,0.6354660131437528,0.6839396356025282,0.9140281896859488,0.3301612730500754,0.7595806500296673,0.6092636004984383,0.840298600635432,0.8498296427089767,0.036439353275732445,0.3334903832351405,0.21371369233829046,0.4319479232147729,0.6441092330101131,0.12867524579991801,0.0,0.7168950794520355,0.13155734648122214,0.4106202591530068,0.3751324939135018,0.262272909575426,0.8642681239844947,0.30140281088868925,0.7364186173267295,0.42894778258553196,0.6859068836514846,0.27668221064441734,0.542848054263632,0.4765600737374998,0.5001546408624278,0.31503435537080277,0.22655968813716998,0.5833445234321382,0.5750385131225152,0.6622884852708946,0.37553602074313747,0.3303779576402759,0.3137728989326925,0.5919242186851957,0.42095240426314734,0.7586068532194268,0.5189279437017161,0.1914917140818143,0.5876167988597296,0.48111682937014644,0.5724255092828996,0.43319954958816065,0.538510115329689,0.39842762664764725,0.5582416205907039,0.22532496834479454,0.6392219822944551,0.38527972691138346,0.8640546165232286,0.545598151948145,0.38682019436968823,0.5523362190011203,0.17235638360201733,0.44292372608632,0.44992177159477736,0.5411066159764225,0.4796358270360831,0.5138794367247785,0.19070991383053548,0.5917588103375216,0.8513138897757759,0.12153349082216652,0.6180991075321972,0.5994238721433116,0.4518298320719411,0.6892359459484321,0.6696158464165336,0.538949124069324,0.5421400894471649,0.6951941640338422,0.5537223507308182,0.7668988381378818,0.6809194051246525,0.8863029697959999,0.8264052808001743,0.5040583928237908,0.7619446483674259,0.6688804571186067,0.6531650581094901,0.4480056507044325,0.3686218491787553,0.6206845750867087,0.43489049292237875,0.3831445210042018,0.508494743238342,0.4451489931752111
Region_16,0.636330469770684,0.7231357132409209,0.8476865368546818,0.3506278034032256,0.4243060971408188,0.5067646925887329,0.3468538474276509,0.6577339013852743,0.0889366892038046,0.5940210156446737,0.2850194858087319,0.8497278378108912,0.8485511600309645,0.24720556313350234,0.7168950794520355,0.0,0.30232727188033887,0.494946275637915,0.809870600873621,0.5685589015486682,0.8694927713569378,0.6067803284457146,0.8786748338673621,0.2752136819902056,0.638248481820217,0.3650574644015214,0.9514981006507075,0.4576165154262161,0.2751491003183006,0.20871278854125175,0.47741764810367404,0.580752799892676,0.3657566207913164,0.5500592956634092,0.8733480307992831,0.9158588070317273,0.3470038580207063,0.7748730572798044,0.4913015261278211,0.402190126991349,0.3512316298938468,0.6108572581151557,0.43462022063562794,0.7597387993248185,0.34703147777182713,0.602415103429629,0.8287823295492972,0.6810169141705504,0.38577613366584557,0.7075191393209059,0.7182887962408255,0.7058571374909703,0.4232817009698535,0.34837681667232556,0.7880976469144116,0.45074547010002697,0.5203831914446695,0.28512560983607776,0.6911313130665432,0.19939548533875873,0.8860321719323117,0.44753537905168067,0.12168585286185829,0.15395779378665675,0.27777014075970574,0.6563328894206439,0.2802485956539213,0.6051051257483082,0.5581631590525343,0.23491163415607386,0.6585931628306101,0.38192732226093556,0.5853565331546681,0.3743809734471663,0.765841843377933,0.6240641687476052,0.49094545294323133,0.17469155793426355,0.6490552086963222,0.5648699028054116,0.5012328473005632,0.877784771045061,0.10096774702843553,0.6873700802544416,0.2988559432302002,0.46558668206819653,0.744503582373479,0.5208874303382218,0.3884269586735614,0.15465699266119948
Region_17,0.8254395864880316,0.2457195053098446,0.587930776729493,0.3470210935855808,0.4926894805908451,0.35209411175824984,0.3604975078329951,0.3773009629795194,0.21350454667441604,0.3450356612377929,0.4810773212309426,0.1920710383238387,0.6345363568342515,0.8160884452207793,0.13155734648122214,0.30232727188033887,0.0,0.4036015768145989,0.5539549530503003,0.7045695570563404,0.5502764178321482,0.8339884313779027,0.5252124011079098,0.5100733377409983,0.702709665919443,0.5025290625867994,0.337992027388853,0.5905559970195993,0.7713152675037527,0.43830937839195394,0.39471513569099176,0.76884002385239,0.3887679586914984,0.3055053144207298,0.831519510015947,0.12388199687836093,0.5195734863841572,0.4662283015026238,0.3791489875569111,0.44873245055500305,0.5872761454293769,0.8533777610464348,0.6749005728798244,0.7034004742185402,0.393354129056975,0.055781427785056015,0.11650208261269673,0.41530557446338645,0.7108388245008933,0.28137785626263184,0.7889540672091333,0.16235610788654292,0.5919085131903393,0.4500952975343325,0.2909736086082086,0.48384575190674894,0.18829252408520192,0.8745297707402195,0.2675577929114526,0.4217359710683967,0.4328038952644797,0.6203472355287636,0.35764555929207464,0.01598312667225582,0.9089693010625219,0.4967787442363418,0.4494438297281631,0.29897680110749436,0.7871336576043813,0.5512364477184657,0.266877739173153,0.7218345030930162,0.30926724448003956,0.72593376359749,0.42494330463294566,0.4313338092925764,0.45047509719334694,0.2345113855682312,0.3500553494359474,0.30359653700799044,0.8375245232981634,0.44082263974666885,0.3240606829018453,0.22235523784689265,0.7513911875018731,0.6333728723750306,0.3787293480981086,0.6460761776932371,0.5024280953078026,0.7515694975109253
Region_18,0.4641821868010615,0.5470050834695681,0.2661965750926403,0.5266251493510755,0.70934073643386,0.7440930756777075,0.46965669920134867,0.8680776561673844,0.43424678385725796,0.48974244663100747,0.4829636385168858,0.5184301659682162,0.6984136913802337,0.7085935266507964,0.4106202591530068,0.494946275637915,0.4036015768145989,0.0,0.6861658225672165,0.5201938964524897,0.09232627080693129,0.85749338787439,0.6056786968339142,0.10333323390153448,0.5779995702616154,0.8321580366709738,0.6874773293418871,0.5227529231964909,0.717693583232714,0.23729561656222786,0.7747112025971407,0.4654900304044247,0.6333019827410611,0.5763716088058732,0.2953931191795717,0.3547735357539028,0.5001818127407354,0.581742345677535,0.616670408689301,0.31550240976045696,0.23214092244457585,0.7028283097835573,0.4678494358960605,0.3109055794563565,0.37330680245085973,0.669453955529392,0.6655604466917027,0.13639478810583516,0.5713229614401193,0.651503605075931,0.29135644241646397,0.110643761316361,0.6495497880885976,0.586568471158044,0.6797670381696761,0.46843935173837736,0.49290371956215445,0.3251278203130207,0.5689832135086994,0.5978209942875542,0.5947046232027547,0.6049164858479728,0.8633819534695251,0.5707801185061395,0.23061197870460476,0.5388358867167312,0.7708013451717904,0.6272243847543124,0.609119904680884,0.7052369238515697,0.5015587043943815,0.4324104040012846,0.7069876741947936,0.5202061469086305,0.2273596240111771,0.5275662720150316,0.08867226108786858,0.2652322346595767,0.45819919949964283,0.16185888327997316,0.5645503534785441,0.4396690248580811,0.34591737632482344,0.6662261597934529,0.8540652965346517,0.7635374587545247,0.4713226565801799,0.36460727771616563,0.9164582906427906,0.12381673028555418
Region_19,0.09028580706914369,0.6626731848299547,0.17017362032442523,0.5251400680803728,0.7407312331133951,0.21035873981194902,0.2860108286981493,0.7423786489391395,0.6506812061520963,0.640847470929343,0.45633359718675787,0.39199675395952843,0.5932701548677382,0.2986849322391946,0.3751324939135018,0.809870600873621,0.5539549530503003,0.6861658225672165,0.0,0.6568019994183378,0.39085517238060286,0.3797228735634587,0.6283992173738374,0.3126989716001536,0.5482450814197039,0.829237154968671,0.2008166607727095,0.23674511703038903,0.4625539310024515,0.4185152562368725,0.49866364423729986,0.7749402992201986,0.3999755702403149,0.35006870358091524,0.6999172558953518,0.31530423520004225,0.45745130492493513,0.557820840868248,0.5918471140564117,0.47682544164126445,0.3626095016483251,0.34159068733751047,0.7021464890659173,0.7911561245294912,0.21748601022723751,0.6588559233759397,0.5060850645784691,0.8958012305383052,0.2718788286441751,0.7554009168608021,0.4941383151149857,0.1877725263836278,0.5861484090842055,0.4354693966130239,0.42020510226700697,0.7938482220603469,0.9015904292276575,0.5962561148638744,0.4862953004456338,0.8304659132324719,0.41467953813867925,0.7390888677729321,0.7196619643191688,0.20896888131670022,0.7588675455420554,0.4823494294650583,0.9788586496485179,0.16555498887800646,0.9814862136683274,0.19238817491811655,0.24221602835707545,0.27129519288367765,0.3496977669852374,0.3288861244838721,0.44043611415077155,0.8102447544241882,0.20182210616093327,0.2814020285278461,0.5281030256115171,0.6083776267790098,0.5391086821189903,0.6411723233562505,0.22511468230588533,0.510186282347377,0.6036389377523858,0.16622737712013913,0.7817620320862496,0.8334409855871378,0.6233150769026218,0.6661116264233289
Region_20,0.2195359984003698,0.31491720130820056,0.9127409837683307,0.44167036797445497,0.6917279961429028,0.3076276814935667,0.4213776632000683,0.7001483137953741,0.5910133255413988,0.20724546552671053,0.6738842895907096,0.23332107040093936,0.681310536903512,0.3239441499327426,0.262272909575426,0.5685589015486682,0.7045695570563404,0.5201938964524897,0.6568019994183378,0.0,0.6864098048194025,0.32037365227278164,0.8089228285330531,0.921995365548384,0.40390109979532623,0.5140663943919264,0.27876770237409004,0.16972837202665647,0.563962587901981,0.38505086441590747,0.17494489434257066,0.6521868354153587,0.7171238239679152,0.5603100614342652,0.47087695111686123,0.42752853843444816,0.7517935102720004,0.6211517214666441,0.14948656161734614,0.49628200375992404,0.5043812257127828,0.4459786820166393,0.5177964402071954,0.29469387830879984,0.5716835946764351,0.3027552719441617,0.4886779922999364,0.3416764382211002,0.3395165653109853,0.45442968916532356,0.5047866115521055,0.3841382769345266,0.8420526573621848,0.6946933633458305,0.5592525278686469,0.5107198946630874,0.2398050968784718,0.44202737751670335,0.45910276876008815,0.6151461442805082,0.4680254299213505,0.6732318450741943,0.2347475848605115,0.589678676958691,0.3024473118779347,0.44613704401831517,0.7391243921203512,0.18400301408833442,0.5433618444375974,0.5752292637545064,0.5088364275144721,0.5728460719412133,0.7143654791303735,0.972758660662189,0.43786260681112515,0.5389749179183803,0.26630129644006423,0.7490630707889645,0.43061048116440476,0.5884585838993359,0.5596268880677124,0.5171656126139648,0.580852225998637,0.6370536182258588,0.3078157733455554,0.09118622800655396,0.6780370780017232,0.7151797872970835,0.6976884266856171,0.4363858442346953
Region_21,0.7123613908637408,0.3780871507098966,0.3687220954110918,0.49630222301279225,0.46213423184146696,0.21336165227209736,0.1913470578780303,0.36888508868736075,0.3418923728184859,0.297767065575525,0.10482865878355685,0.5523526709507256,0.45015244790520886,0.6035392635017263,0.8642681239844947,0.8694927713569378,0.5502764178321482,0.09232627080693129,0.39085517238060286,0.6864098048194025,0.0,0.4897728641538029,0.36640599106225974,0.6314399757430504,0.7411541952282841,0.605564253088343,0.27651217730680966,0.3818402538408266,0.7072446474582121,0.3298487363032876,0.4726583945338925,0.38309270550194335,0.7308479087264479,0.31902863040035323,0.14567243241885236,0.45078972434568343,0.7849346910003928,0.30589028408959834,0.5007167081499342,0.4402647846976915,0.6015312155916643,0.17230688434262897,0.6766580622793333,0.6820939951128164,0.8379158655722592,0.17714737326774027,0.3363474318894889,0.46564332989847435,0.5481666534162078,0.37161214029593326,0.31409099774587707,0.93237179125518,0.6216668065892017,0.5551686307924434,0.27406917868501723,0.47618313605653384,0.4296205140758352,0.7658092189380357,0.680892721683312,0.5781070190045416,0.5092215764468411,0.6055788192340015,0.5424895462089814,0.5649615441650913,0.13105456875035232,0.2801110888138868,0.1568960983268503,0.7020327461343234,0.6089830878973672,0.3337041274136561,0.6843907910475372,0.3719965969614227,0.38467759699026166,0.574899479446406,0.9424952800724218,0.5195732617310735,0.591304477566599,0.5287747318229865,0.5537060810196608,0.9202529404772135,0.774723052829755,0.3456590632793422,0.6072416864439727,0.6841647911121753,0.49034471057206025,0.7328347871976602,0.5433244459210521,0.2553935760715718,0.9616425571029411,0.5252407039514968
Region_22,0.6091096835810409,0.5655405561250975,0.3720144685861173,0.4097053865510248,0.639985079278544,0.4400209667676513,0.36689443256935633,0.21924208540640683,0.3342878400087216,0.4503130631790313,0.26878065055048683,0.8813614296336195,0.35866493490774126,0.5494139568441239,0.30140281088868925,0.6067803284457146,0.8339884313779027,0.85749338787439,0.3797228735634587,0.32037365227278164,0.4897728641538029,0.0,0.08770773180277003,0.14157015159043324,0.25338067341906306,0.8132216647833894,0.15876963559779234,0.6282889656812224,0.5731226184984345,0.5107829525092276,0.8307312306860162,0.8151160018417198,0.21933729816133962,0.4729039997772295,0.7418117749483103,0.7191479842138206,0.7631359760190637,0.640449252601075,0.6089392589695655,0.5918970421325435,0.4400297367508426,0.2540974594074452,0.3412678616345793,0.7943957564290054,0.34866282999851556,0.15742010124523276,0.7629853413616713,0.25057252073976544,0.5969492695965839,0.475089706529005,0.5004141942831722,0.707485451348437,0.36214972821317454,0.345041725960678,0.31601854680325964,0.5248373736616126,0.6613167541670227,0.4441839439281128,0.6536149436999055,0.6634796422903981,0.5208782871532347,0.21439999322480724,0.581819570267461,0.41863246639937585,0.32457459062799726,0.5901779779817318,0.1735196761300521,0.7379569024332147,0.9606580772830794,0.3700849419110607,0.427160412449132,0.29625448818532163,0.7189772055573771,0.46744243439125593,0.5863931704311851,0.07046400535010072,0.40210582417943047,0.6437049516086686,0.8311371362009448,0.5560882480738116,0.27538669693851875,0.252420421752348,0.5679461198688641,0.5780726174688084,0.3722378600288502,0.7515035532526886,0.06487728941716531,0.5504544968886481,0.8192166614725765,0.2953565622482945
