,Region_1,Region_2,Region_3,Region_4,Region_5,Region_6,Region_7,Region_8,Region_9,Region_10,Region_11,Region_12,Region_13,Region_14,Region_15,Region_16,Region_17,Region_18,Region_19,Region_20,Region_21,Region_22,Region_23,Region_24,Region_25,Region_26,Region_27,Region_28,Region_29,Region_30,Region_31,Region_32,Region_33,Region_34,Region_35,Region_36,Region_37,Region_38,Region_39,Region_40,Region_41,Region_42,Region_43,Region_44,Region_45,Region_46,Region_47,Region_48,Region_49,Region_50,Region_51,Region_52,Region_53,Region_54,Region_55,Region_56,Region_57,Region_58,Region_59,Region_60,Region_61,Region_62,Region_63,Region_64,Region_65,Region_66,Region_67,Region_68,Region_69,Region_70,Region_71,Region_72,Region_73,Region_74,Region_75,Region_76,Region_77,Region_78,Region_79,Region_80,Region_81,Region_82,Region_83,Region_84,Region_85,Region_86,Region_87,Region_88,Region_89,Region_90
Region_1,0.0,0.3457294104457381,0.1111534973998835,0.904018596272957,0.262718364103978,0.6288595258369647,0.5179566979960218,0.3188285998303807,0.526638410503476,0.818916955178469,0.1690345994594556,0.19990190714653244,0.7198135364862692,0.4791846281978299,0.10824746275977487,0.6687870024965651,0.5020257987343169,0.4121107816138417,0.3739522965344098,0.41310376740549687,0.208778957347806,0.3393598891041598,0.4073584062195059,0.5361692439883057,0.15103045732755216,0.4306159002171638,0.33098459669342545,0.9642960082467337,0.8711951532678274,0.31012045061426385,0.5938922008198037,0.2644048289354099,0.7101386636657052,0.38377915451396216,0.4581838686012144,0.7180576081713479,0.5891042246335235,0.5119820996732347,0.39831272781707067,0.46134238522242094,0.385704140579492,0.39569409197437677,0.443415395457749,0.5251743664623403,0.8339576267685015,0.6566862549229402,0.6952276307550489,0.7193455030500331,0.8137247294624264,0.6425022878523606,0.5752123886275595,0.6483619083042089,0.8798367858171227,0.3465870704544128,0.2104379347624301,0.1680928208671375,0.4295564540021156,0.18541229681901222,0.2752284722517311,0.23362655076783467,0.612611616602698,0.6827753053392998,0.6908238118251138,0.4012237070731514,0.7885062220431829,0.5651877202468321,0.6880921701020098,0.36816001052956765,0.16095452410400568,0.612014594564375,0.6488483367625928,0.2590852724546518,0.3765079801638284,0.8994585351942217,0.09746320136943326,0.3139028399860037,0.5511686179571386,0.47430710435574963,0.58220759008159,0.5775267022002706,0.7739316510896136,0.5947191031590241,0.4715591997040295,0.4579503895777199,0.860892078780614,0.3608096604721844,0.24522154248220357,0.2975826919258803,0.5631248842538927,0.6126217683175117
Region_2,0.3457294104457381,0.0,0.7320651580135207,0.41548003615142204,0.6876087562986648,0.4096886675313036,0.4358818911213214,0.7291452629006507,0.7277235359102423,0.3073545143229053,0.5022514631335195,0.4276863258839327,0.36288482565875174,0.47122942014066677,0.164015770188234,0.654725334054558,0.5257057854407035,0.5272718963805696,0.5437027506311904,0.42654382036770544,0.6499828151769422,0.6130226544848525,0.12354774957475467,0.29556758406024963,0.5775936074782173,0.664855163355703,0.5289155624814801,0.5356083890705328,0.3820301498946854,0.7189427314455232,0.4804044449169445,0.682473380646658,0.2440172758855571,0.4257568735307847,0.49912915812788466,0.5061616267329778,0.24257266221695883,0.09862464034580382,0.5859114955664861,0.21937146059408785,0.9515636843737493,0.582454822115319,0.48599682964441215,0.4505466704488094,0.3393359500506149,0.5744722279945558,0.5407342696367876,0.45951298602265894,0.7236359118283937,0.28357443123980014,0.5417953296564073,0.6109270935039198,0.28637324724619584,0.7119068716029442,0.825533007437764,0.2778598126642255,0.24577595083952436,0.47628599813928096,0.4530224290245641,0.5266656204371774,0.8504960699912106,0.5370482731763856,0.2465666680583498,0.7460540144143826,0.36381346246508306,0.3012005227435897,0.3986419683162758,0.4240380189389211,0.8081591986046741,0.6121896055316712,0.5147419261354323,0.3519762774171284,0.1657058644515702,0.0900409561163093,0.2073681199856225,0.5324712061443015,0.4650544652801834,0.2919188044306783,0.4252782635474087,0.5231257428793554,0.4682774418403046,0.42169038038762013,0.47954324858183,0.6995849238117038,0.37367169348476803,0.4338140868189594,0.8636260870826808,0.19797021307944845,0.08935003732988833,0.36656703015110204
Region_3,0.1111534973998835,0.7320651580135207,0.0,0.23201268011043769,0.5011572224628096,0.32546017573472724,0.16816391894927069,0.22721984177790372,0.3556237562058987,0.4814264100675003,0.47028952149300773,0.7911870505477238,0.12820380307084883,0.575464054956881,0.7374598975653057,0.6406604168352222,0.3242075544782218,0.7033502486735971,0.3134388206567214,0.40655272797555264,0.45294486182750715,0.6297724202524502,0.2644349286983392,0.7164734741376769,0.728579895618592,0.31419688347823316,0.8068075532921245,0.7640755408462926,0.684672701386148,0.4889687818800734,0.7436701940878634,0.14035280650290055,0.36339619717256816,0.26262674079084747,0.6726538788544741,0.7747081889488145,0.6715624146683883,0.23362629442399419,0.2685119852177964,0.2221780337473136,0.1883958712447692,0.3989238345353225,0.20264503169312742,0.6093705809771328,0.5266330326881523,0.5489411741893472,0.7407071661084097,0.47462642279863193,0.5188820229290336,0.14048392144700134,0.5699458156209138,0.61729772496423,0.419749692263399,0.7423559403691695,0.708287779892269,0.4703536682441852,0.6877904072337773,0.7027079549131783,0.5499974822389249,0.8810028266539117,0.7058161783318566,0.5504587992172404,0.4025608092885829,0.45334986870839533,0.07420254781909996,0.5135461826628209,0.8041693480677496,0.5732080563598649,0.47937025247534626,0.3858122261047537,0.6031466513171493,0.501868706742594,0.7954339355749707,0.5089510665062451,0.7682268290479561,0.5594833529123786,0.29537026661039995,0.5521440843737822,0.3189727484358463,0.524859590974472,0.1963934653405398,0.8905671708447076,0.5114065870150606,0.49647087605591034,0.5014674529186223,0.3249890794246338,0.9100067307379748,0.5360856809162988,0.6217794080135708,0.5143644589850567
Region_4,0.904018596272957,0.41548003615142204,0.23201268011043769,0.0,0.4801605351126622,0.6666259525735772,0.46625263775251446,0.4574884762563466,0.5846886840374911,0.09988171821756603,0.5422934184059124,0.4672955622349823,0.6000632028705764,0.7664558690338309,0.5771297754888725,0.4367622678539455,0.4566174902957266,0.6232369184111953,0.5606277726851249,0.6553171400049278,0.49111213728774034,0.383078965077817,0.4198684175682004,0.7412975913280663,0.5647002004716165,0.39247373194408397,0.40837761994894173,0.9608124751806982,0.49917411580874516,0.3693521707419308,0.42751240448489164,0.442797274037962,0.5510502749100223,0.6765454403889768,0.5559569544729364,0.1432412635432893,0.2963989362528014,0.36648773459233874,0.3835370819486028,0.3100140658764389,0.39633282794142494,0.14227181250180432,0.7609546941786531,0.7604704764247371,0.3314347512064232,0.6558679343629508,0.4948360879954009,0.508058183611534,0.7707603940370495,0.13227197923059397,0.44328074614372315,0.2281209951896651,0.46203169342498135,0.6579148049846645,0.13791738936759712,0.4845807561458858,0.6388847439984704,0.7503988852861432,0.3364483218597298,0.40481181096238555,0.43590720707072544,0.44145547749652747,0.3391721540971355,0.7990704859009503,0.4424434474519202,0.4631058798483475,0.40412378698251433,0.5507373092893205,0.4609094484185833,0.5417174632227835,0.5161277146604042,0.6200586986081877,0.5204426195571368,0.29684158437622205,0.428075283601215,0.4922122404128014,0.6537133369125997,0.6454617156607739,0.26829087709211413,0.8999496001418079,0.5598548204976106,0.14130869068107754,0.4998473205200417,0.8957305204922377,0.5875267023712699,0.3923264737551244,0.6825303779525933,0.2434538601011757,0.7183767162276047,0.5313060583278144
Region_5,0.262718364103978,0.6876087562986648,0.5011572224628096,0.4801605351126622,0.0,0.7024659654378616,0.23385697423300394,0.33752300007151936,0.6494756904624366,0.4575444933934182,0.5142838951789706,0.7610144582590972,0.32522723099013234,0.6921729282058728,0.7093306274558326,0.6267928136654355,0.7172383409026226,0.10375006788666247,0.7127614882249449,0.8101785004087143,0.22226255704597092,0.2737559047791907,0.5000352267883642,0.41987847465344946,0.6056306466886864,0.5207324694740638,0.8093570612384133,0.2567722083899204,0.5847740992670948,0.5788559627827726,0.5120345993624851,0.951003159866135,0.46056061664088777,0.5368725521815472,0.38625640770041797,0.6676202147053307,0.4708535381468543,0.4964970186120508,0.5989079673689934,0.43729394901353147,0.6475858283034348,0.6418645974447508,0.423116832985433,0.520756135078533,0.40393276273804674,0.7350322075977149,0.4894545750280692,0.27821883784259205,0.2851742508981274,0.294271308791392,0.5813393313570548,0.8411362991768357,0.5273982450607875,0.5920481878428479,0.4497994300664502,0.37228821378121807,0.5450059481531186,0.4837676531019698,0.30037303604990667,0.3961073809009161,0.5813875520321063,0.39678830593996584,0.26397282977475023,0.6147065900320248,0.15095905735404674,0.3393598650036738,0.8797904371482251,0.8466871743748141,0.5845944424474205,0.3632825968502111,0.18073221048099214,0.2652513780653299,0.8284047316119856,0.3247745929110006,0.2629630302147719,0.6043727791450193,0.4480582293858556,0.4399615380155331,0.4814605403227315,0.9447122609162635,0.5408755127830823,0.5709827454259062,0.36348483166722423,0.6101728832001128,0.33794075496473897,0.6905713785406855,0.5298508183334425,0.6596713631971733,0.4976111322814767,0.43551920298700014
Region_6,0.6288595258369647,0.4096886675313036,0.32546017573472724,0.6666259525735772,0.7024659654378616,0.0,0.3526275978733095,0.655979096502335,0.29386083098503835,0.7505135981685556,0.23549933558930164,0.8489289534433344,0.3977403643372599,0.8149355477692475,0.5398008674054295,0.4304258032497784,0.6353119858318519,0.37365122953596813,0.6845418041238164,0.7036459340291348,0.33678052895568383,0.30374320487324513,0.6121681634345625,0.4441459303511009,0.47936695635628773,0.2808459463601036,0.6620530187415812,0.5250003486480952,0.44626960795846854,0.5162205814580205,0.42717452639040154,0.5900743546207681,0.531195570423819,0.39475822317750653,0.5484650786815517,0.7480345742980133,0.5305369579768608,0.47980064182385534,0.0899668665109481,0.4809427610832243,0.1596584685927897,0.5516008969932724,0.4821774616194181,0.3988693576062553,0.4921012387586621,0.5461123258726511,0.6300296519353511,0.41403261474519965,0.817436741732195,0.25669118155950976,0.7880194062781427,0.6783702014289892,0.45545953668087236,0.2531339408450467,0.11893268528118006,0.6508326950876979,0.5520761113042756,0.4643913634158612,0.23520080467164073,0.48979823208845946,0.8437685242613058,0.25986766752805934,0.6548431418607992,0.8788762375310334,0.27312157045833285,0.823110082111737,0.7305233453024031,0.35407138899299984,0.21845455759651966,0.2644081245686785,0.10024840372666055,0.740479052089677,0.46060007125973007,0.24274461777723683,0.5576344507693733,0.5235931943375891,0.49576697654825524,0.3796939203108193,0.4405081862972285,0.4134741906682449,0.518005699955456,0.45962864396454645,0.3838202224198002,0.24915655571657086,0.6005760453841407,0.515945331829615,0.565216830766376,0.2990354224367429,0.10757756568436,0.24050534578447258
Region_7,0.5179566979960218,0.4358818911213214,0.16816391894927069,0.46625263775251446,0.23385697423300394,0.3526275978733095,0.0,0.6444379330497136,0.6895266651598582,0.2950941850171269,0.5440410765965532,0.5410155114638466,0.4511615531842305,0.522927951962896,0.4541526849903222,0.4224695005887234,0.3805980000915724,0.2131437913945513,0.6737958253836143,0.25546141596931154,0.6607935936767309,0.3743207975683028,0.41379713655016187,0.5083479197229713,0.15541364958923393,0.42623899439171853,0.07715845821885586,0.3773194452386895,0.8350393466726906,0.3309761394273354,0.41226120815430994,0.2577540804953224,0.33592608413784275,0.7734280842404928,0.10462848614219927,0.26484617060756693,0.585128070877948,0.5325374741302085,0.45797788378507187,0.566621654989649,0.6632751120639387,0.42920078914794574,0.2616816191856491,0.7756737518345703,0.6985667121369301,0.3349023718870885,0.427430970122527,0.6389062224078287,0.47951435837653883,0.30702249623129174,0.6222980965967276,0.6302292582147901,0.5794712297270903,0.23771870786175542,0.4395350815721901,0.6746518165334923,0.14706512685998585,0.4840694610069738,0.508676913996615,0.5111199466914531,0.7076652065517323,0.8918272741559763,0.24376141891247427,0.5618591788907777,0.47574894956620634,0.35794783330114205,0.7522260918935102,0.41701051407587353,0.8743259626334223,0.4405464977186973,0.4575074744135744,0.2685347194025164,0.4424331509145855,0.5210268509820646,0.6715612353114948,0.28940720032205225,0.3585986610389786,0.3869309814445055,0.8780572810068724,0.3782237195841873,0.6021765856606862,0.5733282747456732,0.7191192868338304,0.5466293378637154,0.5563375281734071,0.4245292902980941,0.3048947198860728,0.5140632174593731,0.39126334192704476,0.35308975396575504
Region_8,0.3188285998303807,0.7291452629006507,0.22721984177790372,0.4574884762563466,0.33752300007151936,0.655979096502335,0.6444379330497136,0.0,0.5620559087527752,0.48953737438397277,0.3198824799612635,0.5690458350887029,0.6536521893650356,0.45947704591661803,0.5327492170515856,0.19262784676667022,0.794557524548314,0.2704566754307861,0.21459307746912043,0.7051714763208665,0.8776297954838301,0.6631046127202815,0.4045249077488481,0.08574805504645289,0.31100658465087566,0.7958254323933012,0.08026689044365293,0.05160214203629493,0.5012928455547729,0.38332151920561464,0.27355414038134,0.5033472269615735,0.39872025806285555,0.4371891229595383,0.20128137274050673,0.34497127062571564,0.13064847911067323,0.6751559760519136,0.3469217896235451,0.47797754149048993,0.32254830698424514,0.6573460112191738,0.8226013838348286,0.2671722855476174,0.3787422796398761,0.34070102478060943,0.7461379778005852,0.2871913772312875,0.4417446462013486,0.7522649383105904,0.32582289499281614,0.6028635448824132,0.5373922569060088,0.4775907062631391,0.1948995814471105,0.741722071518729,0.7663754572273707,0.6628291138959352,0.3984737198583422,0.8806392784807573,0.24693101731630912,0.5352148182444622,0.7377485282236969,0.5948503452859031,0.7147070103762093,0.33369476861068426,0.6064491156667178,0.29224402970350066,0.28212107924408886,0.3567924258228962,0.5469584793642411,0.7677282827670766,0.5424863922111753,0.2404392579279353,0.8305546025822719,0.8578821719925731,0.5240856887160883,0.5236245541105382,0.3722420544949772,0.6906939054543222,0.3242953606289778,0.5784220969733194,0.5425461342145791,0.5223409291245582,0.762187753864367,0.5556758338351637,0.2542131236539313,0.4969486236845487,0.3994238189989124,0.8955512245337541
Region_9,0.526638410503476,0.7277235359102423,0.3556237562058987,0.5846886840374911,0.6494756904624366,0.29386083098503835,0.6895266651598582,0.5620559087527752,0.0,0.31417641385358896,0.4079889257144618,0.3183423342231515,0.03301670779253818,0.408023211457176,0.3274541161524492,0.4465285388654351,0.8465221252204269,0.21151849366343833,0.25984654703679394,0.678579954292466,0.4719228537299446,0.6172791601173897,0.8611307931478986,0.8795117385403234,0.6684481261093804,0.8810621745376492,0.14173470657817783,0.42106774364664284,0.7607102787502282,0.5925250201464753,0.651663964573683,0.5047687981948158,0.6617034089492208,0.5059000590383071,0.4866675493325547,0.8085812893553419,0.6702243523181299,0.5652864745137504,0.3905364854331086,0.7226425689201557,0.7178427567375272,0.23562785135795228,0.5760767596203822,0.45647574929848217,0.714581447087594,0.2953541213324068,0.48907681126637575,0.5656751327817495,0.40748799427087395,0.5638284558319429,0.4831068129528912,0.15384225215624797,0.2920858898573596,0.1863810904197818,0.4730525186960032,0.5947232383913216,0.631136444929953,0.6638452051280588,0.6222505090225889,0.3618873191408739,0.7565763933747078,0.6694695575713538,0.6216343976731218,0.2074379597518381,0.679070179751994,0.5451329421751705,0.2436601960309548,0.4753096732059342,0.09895254700720418,0.8794575253723302,0.7023447502332223,0.47363509722319447,0.8201152564007693,0.48396548018799596,0.6794801866328126,0.4325349065392923,0.7365973077139337,0.4914978869232775,0.4695534042876151,0.3448559825017482,0.4600755813867263,0.38139067385064307,0.1549423238263024,0.6186731957186127,0.8621038905333086,0.9051034453862166,0.27953786069625375,0.40931188551203435,0.470070004688001,0.4725522209622989
Region_10,0.818916955178469,0.3073545143229053,0.4814264100675003,0.09988171821756603,0.4575444933934182,0.7505135981685556,0.2950941850171269,0.48953737438397277,0.31417641385358896,0.0,0.582767862426691,0.7780142546247818,0.40321349084629726,0.9430008443211187,0.7600916279155046,0.26213325999062903,0.5819007478563454,0.45163527431460015,0.19132385836330396,0.6495010276278687,0.8090129498639116,0.6570439495823506,0.20611900341180422,0.48820288495766606,0.7535521709446962,0.5906036506276107,0.28235615048393126,0.8232450565268651,0.757646185892922,0.7142079851215166,0.6703590345917247,0.4616100498017968,0.655974335770994,0.2744475099168324,0.9326886573704845,0.4166898842670748,0.4924706502373388,0.7965264674983928,0.41421007338867327,0.8305840902817505,0.3483167345271704,0.6046898549209154,0.6806232841226811,0.7755615684036465,0.7452260321145303,0.6270406111109443,0.5708776666520698,0.580446321066429,0.34368921722732176,0.9554466124579506,0.8346030314093816,0.6335636000155689,0.8557397958984159,0.5833316063965859,0.7086163545942746,0.42741066854719106,0.6619060311736349,0.7224484381792327,0.8090283419760946,0.5712788828311742,0.3503580379133555,0.8103875823894028,0.31264710900966003,0.6478403856271064,0.4530671141923636,0.5126551871028411,0.37777444604089505,0.2884948088526614,0.45952945711954657,0.4613035603159883,0.8266439275302785,0.08644526702268834,0.15267442565979011,0.712944436496372,0.3252907011191769,0.6576110917297544,0.7639547731481183,0.38509567430055075,0.25559415687451703,0.22892630397430092,0.49546316593954987,0.2639970669332803,0.5435010580946065,0.5482658466087931,0.8914797319332508,0.6060970700065458,0.09744512213214207,0.6464280242593292,0.44479313686835276,0.6586478141782737
Region_11,0.1690345994594556,0.5022514631335195,0.47028952149300773,0.5422934184059124,0.5142838951789706,0.23549933558930164,0.5440410765965532,0.3198824799612635,0.4079889257144618,0.582767862426691,0.0,0.4637286307076467,0.42565210169370493,0.5551468544512693,0.5172120026252656,0.36250568959959706,0.4425246240091715,0.6819912989631529,0.41485300610080317,0.718032490176214,0.5501957914634062,0.04463681519093604,0.7150997103762047,0.6164881647575509,0.3363756779957999,0.4932217589214424,0.5957946230506259,0.4023671865031172,0.34188777263349035,0.3624329710003997,0.4697676104490496,0.31770729756494226,0.39090998847055897,0.42631173698573305,0.2935629868935076,0.5104279778292522,0.2728634414331134,0.2731315474411134,0.1934579641459977,0.43269043027102977,0.600474201758577,0.33771275838695514,0.11896225672776034,0.7814833510274668,0.16245849227648473,0.26971256091626794,0.20443043419232548,0.5666899066844524,0.4289774879991815,0.4521697860562599,0.383207636531942,0.6406297824338003,0.6865123625292269,0.8647196222889324,0.17963133620389427,0.19127477809020293,0.521226601034223,0.39622578295897914,0.39711069634448876,0.6729616904352148,0.5739776535396228,0.819462532195992,0.6534775273302316,0.6179287592497873,0.295549024383416,0.620485094847101,0.3420409687165074,0.5526308517904118,0.7502661951548923,0.839802297911736,0.7414998148832028,0.4633186720511297,0.45729115747497745,0.17184662109839377,0.6467245896923587,0.5910953381227149,0.26013695767928424,0.4838692984075902,0.4844060238265755,0.3939083942466167,0.447083258735029,0.7792411378346835,0.3138550788656678,0.47481925018723947,0.801153264842696,0.23472313315119653,0.3020734251207007,0.32548917941391714,0.6271665732532182,0.820367980229477
Region_12,0.19990190714653244,0.4276863258839327,0.7911870505477238,0.4672955622349823,0.7610144582590972,0.8489289534433344,0.5410155114638466,0.5690458350887029,0.3183423342231515,0.7780142546247818,0.4637286307076467,0.0,0.37414927601120873,0.9140210915491903,0.3970242118231501,0.4742775294250275,0.42048877703685755,0.6347505414301241,0.4346966124377863,0.43851205315742425,0.8622552372339589,0.41651716745006406,0.08628608971296914,0.8256077510778026,0.430787554199641,0.5141721843323261,0.5593965243668857,0.3034205020394065,0.22935253236037872,0.4815563810199292,0.5687550075019128,0.5522477719012768,0.9526989130973319,0.34414480921369717,0.13386325241647212,0.18900764233511497,0.5085148521073116,0.5903187014889972,0.4924708125451494,0.35473883965959935,0.46581885074245905,0.6087350615953578,0.4293339386646929,0.2788088852095777,0.37842844486323896,0.10946720647551655,0.49038866598155567,0.5633873674038952,0.8862249050353058,0.7446050485934412,0.12877836406846682,0.5149753799342895,0.39775518045759245,0.28979578905003306,0.5144468585979318,0.5876053914961854,0.20360720315451836,0.36261073398206606,0.28740269665049967,0.646924988704231,0.447890129640086,0.6083407457901511,0.28611468332143525,0.7058232317348552,0.5896362364546095,0.6149402398709903,0.7116881434502234,0.2719709990238802,0.4215957892446301,0.4702715631364406,0.3718239466218598,0.5157343133683612,0.5356525534904516,0.3054116545385569,0.45954278967396495,0.6356134820820789,0.38273544987676156,0.5717167419079088,0.568883014121687,0.715468353836502,0.24299080447007204,0.35086978034784627,0.6267632326533983,0.5403554270767458,0.523351227811397,0.4414765328707508,0.4222084655332699,0.5850945531187075,0.49022052042157926,0.29659826221493696
Region_13,0.7198135364862692,0.36288482565875174,0.12820380307084883,0.6000632028705764,0.32522723099013234,0.3977403643372599,0.4511615531842305,0.6536521893650356,0.03301670779253818,0.40321349084629726,0.42565210169370493,0.37414927601120873,0.0,0.6091268020469335,0.4438091600544848,0.4242982749558725,0.627416323562918,0.6227815162471568,0.6979752133440085,0.6033684027455382,0.5802978568136374,0.2357395675225551,0.6860059870132535,0.49555144229595677,0.6674399941584008,0.604378196823565,0.8071472906295802,0.5064328167569531,0.5263082740742395,0.5040700137521525,0.4550212377542966,0.6160329590107274,0.5177381329466434,0.1589814970228421,0.35290277301419015,0.23345258780853356,0.43166563653618356,0.16676524996092185,0.5066227137937171,0.5261677830959459,0.16631765363675954,0.6417810126832556,0.41912178092022545,0.9145872950541967,0.6828392798296234,0.41188889269878115,0.6008590398384743,0.1374023106111229,0.18985305965392962,0.7208220350240135,0.1970493555495343,0.32713744206310746,0.43250527817840306,0.47560288107301996,0.5488910248760349,0.5823973196309233,0.4988223046461342,0.6300162383600318,0.24127652732330462,0.11478531278815063,0.7425168670733617,0.4937355382521084,0.45484190761850757,0.5721812415851777,0.4833929274989136,0.7610588524428155,0.5440117877147357,0.3007939502230694,0.5935913923428633,0.25702099564365277,0.5310326412954101,0.40649950409801205,0.5970373567832336,0.3577910335799914,0.2961981960257201,0.5331197349877559,0.6768872811132627,0.7714341745696593,0.38036134897580187,0.4367050682914508,0.3052870083030228,0.21740380055162478,0.440917463191453,0.09643208918652368,0.616328509318689,0.4182572783358941,0.6787452333950992,0.18143987987994764,0.8776098236116784,0.4947144697101268
Region_14,0.4791846281978299,0.47122942014066677,0.575464054956881,0.7664558690338309,0.6921729282058728,0.8149355477692475,0.522927951962896,0.45947704591661803,0.408023211457176,0.9430008443211187,0.5551468544512693,0.9140210915491903,0.6091268020469335,0.0,0.4587149600927958,0.4049744782124198,0.805049546261992,0.47582648148098977,0.7089363967451938,0.55273556417892,0.4829308057126108,0.48885931152891926,0.607116140194617,0.8339822710666815,0.5772267215726661,0.8115324053101637,0.7296906435833039,0.3487553458993674,0.7441626385170774,0.5269888713698196,0.7044999965796278,0.5991668448766334,0.924340873773432,0.1588068346376706,0.4490107933213621,0.5257924039153734,0.6052584128343325,0.25790542240476205,0.796203071156468,0.5669123438877649,0.6704205937477292,0.19784446407996598,0.5452337739683055,0.7238055319598968,0.27311006650284947,0.7602374898983559,0.3545088744710257,0.42166371175349215,0.4597399187162638,0.26060503163786447,0.5253215342326394,0.739962111044506,0.7057953154518146,0.41434080992627587,0.5150822296427899,0.2943758247560571,0.8954197563339173,0.4758646384955093,0.6178942843837409,0.16927389747961485,0.04729795830522793,0.45414202361573247,0.5755083248235489,0.4469898381497033,0.3224517293312672,0.16466659159704072,0.8917513932302708,0.6024001898316725,0.4332483149872409,0.5876864687738468,0.25900338314085064,0.7398631994913952,0.5173284585820195,0.5605704272176084,0.6919736334727415,0.5812317108468925,0.5562402194441409,0.3607190301629377,0.5795882959104346,0.5748938010260867,0.503850254775525,0.7978667346988084,0.2635773995182465,0.08988114150731985,0.32532172412770777,0.6873637704443357,0.5989658733372891,0.5687091787429719,0.2188826873482368,0.7953976536033307
Region_15,0.10824746275977487,0.164015770188234,0.7374598975653057,0.5771297754888725,0.7093306274558326,0.5398008674054295,0.4541526849903222,0.5327492170515856,0.3274541161524492,0.7600916279155046,0.5172120026252656,0.3970242118231501,0.4438091600544848,0.4587149600927958,0.0,0.8759696085155536,0.4012983660642851,0.6398675166788037,0.36077440499493046,0.6531799633063384,0.5215300782079648,0.7653577860629249,0.5819056083454633,0.7363487636733272,0.40542329476525457,0.6260325699909284,0.4773966129444879,0.796457805112659,0.3892588818512603,0.6427072509040753,0.640889220302002,0.6540539256666491,0.39234514116261066,0.30981340220406695,0.632501103979562,0.6530599899741099,0.26672016038597285,0.6876226627291571,0.8030733864540549,0.8017581580051949,0.07972056932895638,0.4965058939670264,0.2579913646454366,0.9118953194638159,0.41750933748172536,0.5478455172490001,0.699221628228465,0.15535955609461682,0.6064790631480559,0.5249567991736708,0.6535558520022577,0.45283149187853483,0.4950407952251828,0.2726087483666777,0.35354788494972705,0.6636315086249112,0.44745868832772606,0.4082370930839763,0.9294810853362483,0.5269713723911731,0.6625392420458336,0.8163862743128727,0.8248526115863744,0.44758187732311416,0.24467623920066972,0.34039971536914515,0.5675951380603854,0.06971584207433174,0.6496132045484934,0.5736118462083601,0.6687614071864859,0.10270020314396927,0.1862261848375979,0.4154641250344674,0.24621679557504378,0.49707790355183296,0.10081386851886442,0.6091406588379955,0.6182166308314945,0.6078252277932443,0.5292986734000357,0.7849945975501721,0.3025258101819995,0.8693184340802169,0.47459362919802833,0.4193783523073984,0.7013452169652068,0.5957413013055599,0.4401381374454129,0.2123987385718506
Region_16,0.6687870024965651,0.654725334054558,0.6406604168352222,0.4367622678539455,0.6267928136654355,0.4304258032497784,0.4224695005887234,0.19262784676667022,0.4465285388654351,0.26213325999062903,0.36250568959959706,0.4742775294250275,0.4242982749558725,0.4049744782124198,0.8759696085155536,0.0,0.12873706993183037,0.16173983399719472,0.29832548568186273,0.5615997236038338,0.3586197009189975,0.6592909596648315,0.5487216139604569,0.6705974851910279,0.43351506919764926,0.7539119908177728,0.182076839711023,0.48230471809499215,0.7426845944679734,0.4045080302296762,0.7474690134394159,0.5563274073316873,0.8570073634586766,0.6092257627833348,0.6977862592286491,0.7774380578831488,0.26828261232030054,0.43017764639212763,0.6807710132060303,0.5802138307741203,0.18092146587900698,0.3680836095150685,0.6382850462710963,0.3224943768019165,0.5180915605466623,0.06906493767884703,0.32362723360007617,0.4394917501959664,0.3838706591682465,0.6462205498658089,0.4887564794187971,0.5689520503357233,0.6090794039250194,0.5636387846772316,0.42621326656676667,0.43962765373789076,0.7398427977008794,0.567144843724218,0.23415426300031478,0.3707599081106686,0.581341415800081,0.29821539880814996,0.7157218886377679,0.5770250362744709,0.18743029554328156,0.40117583833866755,0.4800489445429569,0.672232332589721,0.47874138191797516,0.7829613466425742,0.41302019759268255,0.3156383412149636,0.6186371383351783,0.8937494414228613,0.22747497506794884,0.43293020489983763,0.43349385751506925,0.5148207450512324,0.3950457146868321,0.3816312061791264,0.3079885604744074,0.128817608598998,0.38036649351115676,0.7255280490974676,0.3050431366661377,0.6641076821889784,0.28643228880679766,0.430393179389457,0.27272862632523626,0.54109982212536
Region_17,0.5020257987343169,0.5257057854407035,0.3242075544782218,0.4566174902957266,0.7172383409026226,0.6353119858318519,0.3805980000915724,0.794557524548314,0.8465221252204269,0.5819007478563454,0.4425246240091715,0.42048877703685755,0.627416323562918,0.805049546261992,0.4012983660642851,0.12873706993183037,0.0,0.7908749811855247,0.2788736273375291,0.2057372727030911,0.3856286174868315,0.8241605495076967,0.6827850514964118,0.6547482167781993,0.5858271727885787,0.2942341703494429,0.4019676425649348,0.4701648572788397,0.9779024069952784,0.27997051727347266,0.4646590608630215,0.8142427903688485,0.20246901580324955,0.22797407155043298,0.25595876563485775,0.3751572692062607,0.4110745712145731,0.4369133950445375,0.4609376144470566,0.5598395576692874,0.6406229233174339,0.09717613356729132,0.19532366930516715,0.5497654454090536,0.45786331434089717,0.2526818304465081,0.5720092172683282,0.6815225101277544,0.47025530108665486,0.2985814005766171,0.8664676587363882,0.41117839587829047,0.5263670506194539,0.49863253828770354,0.10373121172239375,0.5030668212005038,0.6638977354018215,0.4713995807459717,0.6899038512407469,0.7764203133195309,0.8576071011393165,0.3214447840817664,0.5271258647280025,0.8424689639589293,0.2924767400486837,0.21505437595960064,0.3454089248284687,0.48155838415298174,0.5675496781133635,0.5934111062087246,0.3512928068064225,0.8635857396862001,0.24876083675674188,0.6841384777379288,0.5594281679271891,0.620605344810153,0.08287353485749366,0.42985304445029143,0.6763985717766221,0.5738412857446658,0.3824604480429971,0.4348604437314779,0.4314061916118292,0.6190965416487191,0.3704011797569876,0.46388076480402207,0.3083125640063281,0.29600641050338294,0.5940123075206711,0.626023684507907
Region_18,0.4121107816138417,0.5272718963805696,0.7033502486735971,0.6232369184111953,0.10375006788666247,0.37365122953596813,0.2131437913945513,0.2704566754307861,0.21151849366343833,0.45163527431460015,0.6819912989631529,0.6347505414301241,0.6227815162471568,0.47582648148098977,0.6398675166788037,0.16173983399719472,0.7908749811855247,0.0,0.46460024051031235,0.9629352129648089,0.8867175856720507,0.4991242800970877,0.7510659373933526,0.6689828047853901,0.7362810085625621,0.2290495025340351,0.00883116540444695,0.1963321573033946,0.3677784121670626,0.7890057610536465,0.8803737803350766,0.6639926148551527,0.7676280723309293,0.7883399161161817,0.17673412362828927,0.7038324126143825,0.37677332686410336,0.493130600912412,0.4591575914246799,0.6743485370432363,0.5591484885781525,0.6380689857358839,0.08258660337241647,0.6168615766276693,0.4351345362907865,0.5499280918010282,0.2533476054230998,0.45459583910747975,0.5089820239651899,0.3792408915236572,0.9261005326801226,0.2365853784541726,0.853859484143026,0.616873926801333,0.230920597246137,0.0774097599172443,0.2634957844070789,0.3881890272753778,0.3449377533489666,0.31093023687234267,0.6302222083044888,0.30942752229026793,0.334625824938653,0.2611123053334197,0.6389113049670527,0.8645977985424766,0.021254974920367598,0.5674198767227633,0.6373017597559154,0.6884043483036077,0.3205238931329583,0.5258930012936263,0.7068117105651068,0.5353757204702616,0.5524549813711699,0.7908814825461048,0.460290128302484,0.16741036621105077,0.3355824928062971,0.4054497709275084,0.23620819836813256,0.38125869014464675,0.4793497902589976,0.5359645593537121,0.5322100162886265,0.8185345403255462,0.5359656392571193,0.4049912740652595,0.461049113003604,0.22196020245424153
Region_19,0.3739522965344098,0.5437027506311904,0.3134388206567214,0.5606277726851249,0.7127614882249449,0.6845418041238164,0.6737958253836143,0.21459307746912043,0.25984654703679394,0.19132385836330396,0.41485300610080317,0.4346966124377863,0.6979752133440085,0.7089363967451938,0.36077440499493046,0.29832548568186273,0.2788736273375291,0.46460024051031235,0.0,0.48673820613840746,0.2894370525283574,0.3516302238449506,0.8528798927671954,0.6801071535921606,0.5455376514157357,0.5792257759609823,0.09652486316322373,0.5965278204707115,0.5954319450488872,0.4888340497389942,0.6675714846063243,0.45313414680151776,0.5524038178796433,0.2801681928620773,0.6777020815912069,0.7301459990433226,0.6539028823412399,0.36800331045970586,0.7496345297596827,0.45977006190492753,0.15035797164397685,0.46882660673779275,0.875064257015661,0.5465736984621552,0.5714445671776524,0.40182517666767587,0.6771353533273727,0.31770170526975067,0.38901796005892864,0.34489850768322156,0.44829951682814756,0.400161722042943,0.4959697565886457,0.5532555956791984,0.09879168736515631,0.41792432272263236,0.5649178283305569,0.40250842340387377,0.4551952290097251,0.05031800830200245,0.481817192978628,0.651815517367285,0.6502624594483494,0.4147919775748175,0.1498100217638108,0.05519072250932405,0.12114176682363703,0.21508790324724703,0.7533808505442054,0.41550229823552487,0.5540877723720146,0.6238627449797314,0.8000614417490604,0.5312056983120399,0.57948673219022,0.36410507516138035,0.5354095563247725,0.6039244890230272,0.3104631361279425,0.3900748370841805,0.28240669335037544,0.6298436893368389,0.8662200873093358,0.40733187826829537,0.6150726100210884,0.46227743722935705,0.3085822958450103,0.3924043321944022,0.4214508941730045,0.13176244468867043
Region_20,0.41310376740549687,0.42654382036770544,0.40655272797555264,0.6553171400049278,0.8101785004087143,0.7036459340291348,0.25546141596931154,0.7051714763208665,0.678579954292466,0.6495010276278687,0.718032490176214,0.43851205315742425,0.6033684027455382,0.55273556417892,0.6531799633063384,0.5615997236038338,0.2057372727030911,0.9629352129648089,0.48673820613840746,0.0,0.23357585090959276,0.661067136346512,0.42939820378165305,0.5208194677385585,0.7877965019585771,0.9039071337570495,0.3625455902792215,0.8604450795572047,0.3723325174309084,0.48468188558097985,0.34557130521532975,0.5297922367583088,0.6284591739088128,0.43559306682968446,0.46344132227323,0.5905571133399768,0.4200161947878248,0.07410481200808311,0.38503987568011494,0.7865403398562425,0.6859899410932426,0.44682965808902864,0.5420512475968546,0.07104471355897218,0.8126103147845007,0.9420092067037603,0.13228562403125765,0.4702846304659652,0.17892466078442448,0.4462907669546334,0.1077467225534452,0.3568842982862555,0.6099617783757357,0.5235990253918539,0.5123369509858104,0.4425577225917639,0.8807924541969394,0.4007243745657494,0.27431724403410807,0.1702474067649255,0.7261138631514132,0.578472018905849,0.6209781075334266,0.4432181156713386,0.6099677158102791,0.8235511596075066,0.683666382979083,0.530809687206157,0.25957515027977346,0.2613885723115891,0.14822746516160157,0.36060591593020364,0.5530599239576821,0.5656554216964367,0.18185580978785776,0.45897991993386966,0.1784768549783094,0.700788492851633,0.6816130697301639,0.8081751203817602,0.5392459053693694,0.31723087200340205,0.7175574247141487,0.2993421607916571,0.5870436242142238,0.6935672419369197,0.13072773528583764,0.17842316372610645,0.24108423986701122,0.8161335531174538
Region_21,0.208778957347806,0.6499828151769422,0.45294486182750715,0.49111213728774034,0.22226255704597092,0.33678052895568383,0.6607935936767309,0.8776297954838301,0.4719228537299446,0.8090129498639116,0.5501957914634062,0.8622552372339589,0.5802978568136374,0.4829308057126108,0.5215300782079648,0.3586197009189975,0.3856286174868315,0.8867175856720507,0.2894370525283574,0.23357585090959276,0.0,0.17548677758592296,0.5334494987788627,0.20978340035175552,0.13025423160274713,0.5554287049957628,0.7365249415110724,0.16712746236963189,0.5127093691370124,0.49698041269460685,0.37383249335745394,0.42805624628950467,0.6463912801274176,0.2678217557177125,0.632404032148595,0.6124737351402189,0.3757381515506549,0.6973538130643477,0.86736468324548,0.12846271269684617,0.9823413112885637,0.27117447522884147,0.5058188573038985,0.731336471165974,0.6922406008936376,0.3760446480680266,0.3682674689368321,0.5218374957808173,0.7873119805486084,0.5439826484766848,0.45863841233020713,0.6457918206435489,0.730737163784211,0.6700072182130252,0.30537706927060315,0.4342093034272476,0.7742784664093657,0.04849070038129788,0.5485118980573751,0.6049758423167183,0.5566900094732556,0.48333234091071137,0.5938360739149972,0.14848513763656512,0.5374352731076284,0.6828708244344619,0.5161262759833547,0.9157664014486759,0.6578997038676186,0.7865794374364639,0.5142351455913963,0.5838021635567673,0.5145106696532185,0.7279168097541759,0.6545898976191022,0.6350445847545897,0.4431719641901373,0.7840577240036841,0.5045010555131108,0.4893562798066425,0.3971230588951368,0.3835379806022071,0.1417372264572272,0.6178729719804623,0.31863139070427204,0.8104199838331635,0.5381150967475181,0.6040307475597789,0.9286621725544761,0.45977842204407
Region_22,0.3393598891041598,0.6130226544848525,0.6297724202524502,0.383078965077817,0.2737559047791907,0.30374320487324513,0.3743207975683028,0.6631046127202815,0.6172791601173897,0.6570439495823506,0.04463681519093604,0.41651716745006406,0.2357395675225551,0.48885931152891926,0.7653577860629249,0.6592909596648315,0.8241605495076967,0.4991242800970877,0.3516302238449506,0.661067136346512,0.17548677758592296,0.0,0.5301473089969257,0.6070436695960915,0.7070684581185149,0.5934279022044154,0.6745414738768141,0.370339692620191,0.77291483337332,0.564398644840981,0.5713242165025408,0.6966016416804568,0.5544743289921175,0.3052845595950637,0.38127314582345917,0.5995403847202108,0.40600029975284463,0.5736129404392029,0.19280681743353478,0.1933985530625349,0.5205012509296879,0.5269394074718399,0.6872258114005325,0.1706876571459035,0.49262725902698007,0.4658147503665174,0.2989058830591804,0.417330407802933,0.22769576357985521,0.04774223499412672,0.4186682280141048,0.6994309081550978,0.4264023650744378,0.8150481257837036,0.6029468849797963,0.4696908136769137,0.6265438937216605,0.03690532700546506,0.7226479173027871,0.42795397875188684,0.48714220508295236,0.2570596261438982,0.6898703738547387,0.6700182372218682,0.6501644315494037,0.8307100077124009,0.5301516399175925,0.5071674156581776,0.21748019859371565,0.24980736949759835,0.6897126175460608,0.645836933941413,0.4693803954461885,0.7784549198399884,0.41940515402554146,0.6263174326444889,0.8182337760206806,0.7293170559670134,0.32726532653439505,0.3088140973149622,0.6613915602606317,0.9479969584447486,0.41895108664207964,0.46911047236803927,0.826274650440477,0.7535178507420848,0.7503584114136836,0.737072916895526,0.5412061858874383,0.37457915030187844
